9.990999999999999659e+00 1.484699999999999953e+01 1.048654946405136543e-03 1.048654946405136543e-03 7.155410016363901188e-04 7.155410016363901188e-04
2.827700000000000102e+01 6.026899999999999835e+01 -3.678837064925488502e-03 -3.678837064925488502e-03 5.176966504604063471e-04 5.176966504604063471e-04
4.216400000000000148e+01 7.667799999999999727e+01 -1.837410662254512772e-03 -1.837410662254512772e-03 6.737808316205375330e-04 6.737808316205375330e-04
1.370550000000000068e+02 8.861000000000000654e+00 1.730506750544691429e-03 1.730506750544691429e-03 4.404244137894641428e-04 4.404244137894641428e-04
1.448280000000000030e+02 1.797100000000000009e+01 -2.470024979658091979e-03 -2.470024979658091979e-03 4.026027336373204954e-04 4.026027336373204954e-04
2.263700000000000045e+01 2.379799999999999827e+01 -1.663953921364225066e-03 -1.663953921364225066e-03 5.250856193408092202e-04 5.250856193408092202e-04
2.959700000000000131e+01 1.565900000000000070e+01 -9.405648525874710925e-03 -9.405648525874710925e-03 6.168360712565654821e-04 6.168360712565654821e-04
-2.603020000000000209e+02 1.210699999999999932e+01 -2.907852095245288919e-03 -2.907852095245288919e-03 6.997935017137861709e-04 6.997935017137861709e-04
-2.722149999999999750e+02 2.845200000000000173e+01 7.290690593208637004e-04 7.290690593208637004e-04 2.648000374410637439e-04 2.648000374410637439e-04
-2.872180000000000177e+02 5.127600000000000335e+01 -5.777601996555858715e-04 -5.777601996555858715e-04 6.659990500632917464e-04 6.659990500632917464e-04
-2.382079999999999984e+02 7.754600000000000648e+01 3.030276612139459931e-03 3.030276612139459931e-03 4.568903693499427724e-04 4.568903693499427724e-04
-2.703220000000000027e+02 9.386400000000000432e+01 2.933407228260875767e-03 2.933407228260875767e-03 4.930449019637425092e-04 4.930449019637425092e-04
-2.649209999999999923e+02 1.103700000000000045e+02 3.370426343769849977e-03 3.370426343769849977e-03 3.383446266461090520e-04 3.383446266461090520e-04
-2.825149999999999864e+02 1.297849999999999966e+02 1.331306084387051582e-03 1.331306084387051582e-03 7.720782908943313446e-04 7.720782908943313446e-04
-2.685179999999999723e+02 1.305469999999999970e+02 1.406548861325518374e-03 1.406548861325518374e-03 6.596283698271055655e-04 6.596283698271055655e-04
-7.462300000000000466e+01 3.038960000000000150e+02 -9.670425175281138416e-03 -9.670425175281138416e-03 4.623800853182212121e-04 4.623800853182212121e-04
-7.357099999999999795e+01 2.709490000000000123e+02 -3.018150557343801579e-03 -3.018150557343801579e-03 5.534998425703428629e-04 5.534998425703428629e-04
-9.393600000000000705e+01 2.795140000000000100e+02 -4.368119615355681509e-03 -4.368119615355681509e-03 2.327722456910142593e-04 2.327722456910142593e-04
-1.167780000000000058e+02 2.740330000000000155e+02 -4.028295973407125183e-03 -4.028295973407125183e-03 7.763655117126926162e-04 7.763655117126926162e-04
-1.447290000000000134e+02 2.560869999999999891e+02 -3.941618442951266843e-03 -3.941618442951266843e-03 3.235971911980958880e-04 3.235971911980958880e-04
-1.038340000000000032e+02 2.239490000000000123e+02 -3.010617771414558688e-03 -3.010617771414558688e-03 3.810570904418798094e-04 3.810570904418798094e-04
-2.775409999999999968e+02 1.100000000000000000e+01 2.292517249122738490e-03 2.292517249122738490e-03 3.647515837432094418e-04 3.647515837432094418e-04
-2.694610000000000127e+02 -5.216000000000000192e+00 3.437444894643703957e-04 3.437444894643703957e-04 6.562492937676717803e-04 6.562492937676717803e-04
-8.759999999999999432e+01 -2.511649999999999920e+02 2.718668697266934768e-03 2.718668697266934768e-03 4.052887905404738622e-04 4.052887905404738622e-04
-4.408700000000000330e+01 -2.547129999999999939e+02 7.922831102658279417e-03 7.922831102658279417e-03 7.134277670422766848e-04 7.134277670422766848e-04
-3.189900000000000091e+01 -2.199470000000000027e+02 3.960811498004090936e-03 3.960811498004090936e-03 3.523330376773305237e-04 3.523330376773305237e-04
-7.788899999999999579e+01 -1.675329999999999870e+02 4.100270316413912042e-03 4.100270316413912042e-03 2.735638471647438424e-04 2.735638471647438424e-04
-6.507699999999999818e+01 -1.414290000000000020e+02 1.943977174187239230e-03 1.943977174187239230e-03 2.616412058146656686e-04 2.616412058146656686e-04
-9.800499999999999545e+01 -1.159000000000000057e+02 6.444900975310474244e-04 6.444900975310474244e-04 5.134105074734870121e-04 5.134105074734870121e-04
-1.050460000000000065e+02 -1.505430000000000064e+02 3.287454690652680429e-03 3.287454690652680429e-03 4.597516680318331894e-04 4.597516680318331894e-04
-1.275649999999999977e+02 -1.286009999999999991e+02 1.356109614579281654e-03 1.356109614579281654e-03 7.381788727523982702e-04 7.381788727523982702e-04
-1.553299999999999947e+01 -2.915299999999999869e+01 -2.460137005577678337e-03 -2.460137005577678337e-03 2.196612248997878761e-04 2.196612248997878761e-04
-2.185099999999999909e+01 -1.590099999999999980e+01 5.854863488667661105e-03 5.854863488667661105e-03 5.950850791320845372e-04 5.950850791320845372e-04
8.517499999999999716e+01 -2.586340000000000146e+02 3.149165237221041198e-03 3.149165237221041198e-03 3.919020297151101632e-04 3.919020297151101632e-04
1.315840000000000032e+02 -2.473249999999999886e+02 8.051982038352889504e-03 8.051982038352889504e-03 8.634143251722353404e-04 8.634143251722353404e-04
1.266830000000000069e+02 -2.837300000000000182e+02 7.849659094108573515e-03 7.849659094108573515e-03 7.118869568565492972e-04 7.118869568565492972e-04
1.558660000000000139e+02 1.058040000000000020e+02 -1.288051732672101880e-04 -1.288051732672101880e-04 4.751893731125364658e-04 4.751893731125364658e-04
1.686579999999999870e+02 1.271830000000000069e+02 -1.873658611566497798e-03 -1.873658611566497798e-03 3.976848355378098210e-04 3.976848355378098210e-04
1.463640000000000043e+02 1.414749999999999943e+02 3.207578561972468552e-03 3.207578561972468552e-03 5.255014045965243023e-04 5.255014045965243023e-04
1.197590000000000003e+02 1.645889999999999986e+02 1.767796629204099277e-03 1.767796629204099277e-03 4.276096192402645529e-04 4.276096192402645529e-04
9.702899999999999636e+01 1.521140000000000043e+02 2.521285875701551049e-03 2.521285875701551049e-03 5.304817946755189303e-04 5.304817946755189303e-04
2.359300000000000068e+02 1.541690000000000111e+02 -3.688688847262255877e-03 -3.688688847262255877e-03 6.277685179917173470e-04 6.277685179917173470e-04
2.120099999999999909e+02 1.492800000000000011e+02 -1.253653626122286314e-04 -1.253653626122286314e-04 5.369389157164434698e-04 5.369389157164434698e-04
1.985500000000000114e+02 1.475649999999999977e+02 -2.810785418165551337e-03 -2.810785418165551337e-03 2.644269694136150884e-04 2.644269694136150884e-04
1.737899999999999920e+02 1.550480000000000018e+02 2.943175980271917156e-03 2.943175980271917156e-03 7.542459057887231739e-04 7.542459057887231739e-04
1.397330000000000041e+02 1.615840000000000032e+02 -3.086130077622329000e-03 -3.086130077622329000e-03 3.177992158602982345e-04 3.177992158602982345e-04
1.337909999999999968e+02 1.725300000000000011e+02 -2.374448120440319967e-03 -2.374448120440319967e-03 6.868636354093269475e-04 6.868636354093269475e-04
2.281850000000000023e+02 1.150859999999999985e+02 -3.219163134082236779e-03 -3.219163134082236779e-03 4.945955940796487732e-04 4.945955940796487732e-04
2.634060000000000059e+02 8.248099999999999454e+01 -9.561474411498238840e-04 -9.561474411498238840e-04 3.652398023793149585e-04 3.652398023793149585e-04
2.939549999999999841e+02 7.888899999999999579e+01 -1.652732951254165571e-03 -1.652732951254165571e-03 6.043791571375096506e-04 6.043791571375096506e-04
2.797309999999999945e+02 1.275270000000000010e+02 -1.437514928647942811e-03 -1.437514928647942811e-03 3.641580457628555332e-04 3.641580457628555332e-04
5.648700000000000188e+01 2.120639999999999930e+02 -2.082479590048080635e-03 -2.082479590048080635e-03 5.316524674474964801e-04 5.316524674474964801e-04
-1.861090000000000089e+02 -2.533500000000000085e+01 -2.932893578429229646e-03 -2.932893578429229646e-03 3.784692766194943845e-04 3.784692766194943845e-04
-2.092760000000000105e+02 -1.206499999999999950e+01 -2.429137012899218635e-03 -2.429137012899218635e-03 4.995961479964971565e-04 4.995961479964971565e-04
-2.752339999999999804e+02 -8.688400000000000034e+01 -5.333291378519788850e-03 -5.333291378519788850e-03 4.337337698298187097e-04 4.337337698298187097e-04
-1.445109999999999957e+02 -2.772590000000000146e+02 4.892541921952897957e-03 4.892541921952897957e-03 7.695376693268842156e-04 7.695376693268842156e-04
-1.568569999999999993e+02 -2.702819999999999823e+02 4.361220606654114818e-03 4.361220606654114818e-03 6.536989829996937710e-04 6.536989829996937710e-04
-1.168750000000000000e+02 -2.295200000000000102e+02 2.343911273433718547e-03 2.343911273433718547e-03 5.403279866271031018e-04 5.403279866271031018e-04
-8.882299999999999329e+01 -2.128629999999999995e+02 8.657898022863718540e-03 8.657898022863718540e-03 6.628347120311672662e-04 6.628347120311672662e-04
-9.822100000000000364e+01 -2.364379999999999882e+02 4.729535704211684614e-03 4.729535704211684614e-03 3.469736444349425159e-04 3.469736444349425159e-04
-2.740800000000000125e+01 -3.012930000000000064e+02 3.446181289352523262e-03 3.446181289352523262e-03 8.996781210671509887e-04 8.996781210671509887e-04
7.239700000000000557e+01 -2.276759999999999877e+02 8.972094390068718547e-03 8.972094390068718547e-03 3.088135271098915008e-04 3.088135271098915008e-04
8.000100000000000477e+01 -2.378779999999999859e+02 8.220332440785682593e-03 8.220332440785682593e-03 4.557902825734172730e-04 4.557902825734172730e-04
5.981199999999999761e+01 -1.405250000000000057e+02 8.460009619021491289e-03 8.460009619021491289e-03 2.351691712958895797e-04 2.351691712958895797e-04
9.352299999999999613e+01 -8.567900000000000205e+01 5.546831431729515099e-04 5.546831431729515099e-04 3.672622194460410726e-04 3.672622194460410726e-04
4.945100000000000051e+01 -4.144599999999999795e+01 4.068891250994965958e-03 4.068891250994965958e-03 4.929341561446934144e-04 4.929341561446934144e-04
-1.500169999999999959e+02 7.284600000000000364e+01 -2.793848383663544328e-03 -2.793848383663544328e-03 7.710876804011356596e-04 7.710876804011356596e-04
-1.343360000000000127e+02 7.541200000000000614e+01 -2.961656091463282705e-03 -2.961656091463282705e-03 3.225283999290671165e-04 3.225283999290671165e-04
-9.470900000000000318e+01 1.054290000000000020e+02 -1.545808418222804990e-03 -1.545808418222804990e-03 4.799471588634441461e-04 4.799471588634441461e-04
-6.010799999999999699e+01 7.350400000000000489e+01 -2.700658904473129951e-04 -2.700658904473129951e-04 3.908973267271326755e-04 3.908973267271326755e-04
-8.621500000000000341e+01 5.419899999999999807e+01 -1.022781911862580186e-03 -1.022781911862580186e-03 4.794238828440005218e-04 4.794238828440005218e-04
-1.264650000000000034e+02 1.463439999999999941e+02 -3.508088153773769678e-03 -3.508088153773769678e-03 4.853875658425951573e-04 4.853875658425951573e-04
-9.242700000000000671e+01 1.282789999999999964e+02 -3.651556866111604991e-03 -3.651556866111604991e-03 4.805125875154868322e-04 4.805125875154868322e-04
-7.405599999999999739e+01 1.102939999999999969e+02 -5.033688716036976811e-03 -5.033688716036976811e-03 2.401594355858861969e-04 2.401594355858861969e-04
-7.255800000000000693e+01 1.317470000000000141e+02 -9.181001997262683290e-04 -9.181001997262683290e-04 3.528301184573970979e-04 3.528301184573970979e-04
1.693299999999999983e+01 2.170939999999999941e+02 -8.181440936115790680e-03 -8.181440936115790680e-03 2.679223084767969228e-04 2.679223084767969228e-04
-1.502599999999999980e+01 2.703729999999999905e+02 -6.167763218347133494e-03 -6.167763218347133494e-03 3.403732890179532759e-04 3.403732890179532759e-04
-5.285999999999999588e+00 2.759710000000000036e+02 -7.605524438515409540e-03 -7.605524438515409540e-03 3.165447428776322226e-04 3.165447428776322226e-04
-1.610190000000000055e+02 -1.586250000000000000e+02 -3.402166414139173780e-03 -3.402166414139173780e-03 6.334801654061121600e-04 6.334801654061121600e-04
-1.664629999999999939e+02 -1.684720000000000084e+02 -4.653664990547668259e-03 -4.653664990547668259e-03 4.050069310893699565e-04 4.050069310893699565e-04
-1.942949999999999875e+02 -1.683360000000000127e+02 -2.411745653665775448e-03 -2.411745653665775448e-03 4.378070736713417775e-04 4.378070736713417775e-04
-2.171740000000000066e+02 -1.651970000000000027e+02 -5.091096166614761734e-03 -5.091096166614761734e-03 6.663134361714414958e-04 6.663134361714414958e-04
1.907439999999999998e+02 -9.798699999999999477e+01 -8.601363339550971432e-04 -8.601363339550971432e-04 3.363802732286967764e-04 3.363802732286967764e-04
2.120219999999999914e+02 -8.934699999999999420e+01 -1.171209713635334949e-03 -1.171209713635334949e-03 5.258883237056297556e-04 5.258883237056297556e-04
2.011119999999999948e+02 -7.258599999999999852e+01 -3.758399759612984867e-03 -3.758399759612984867e-03 5.250510675712330173e-04 5.250510675712330173e-04
1.964850000000000136e+02 -6.085900000000000176e+01 -6.078876587713466853e-03 -6.078876587713466853e-03 3.478990138718960744e-04 3.478990138718960744e-04
2.222709999999999866e+02 -3.055000000000000071e+01 -3.144320350895668352e-03 -3.144320350895668352e-03 1.525016952635650455e-04 1.525016952635650455e-04
2.261409999999999911e+02 3.601899999999999835e+01 1.611709490356361216e-03 1.611709490356361216e-03 3.448998474469999092e-04 3.448998474469999092e-04
2.126829999999999927e+02 3.219599999999999795e+01 -1.668858930673877651e-03 -1.668858930673877651e-03 3.157903662943054176e-04 3.157903662943054176e-04
2.143509999999999991e+02 1.842999999999999972e+01 -6.753644410935066844e-04 -6.753644410935066844e-04 3.845407976564740220e-04 3.845407976564740220e-04
2.048710000000000093e+02 7.930000000000000382e-01 -3.015631087663450671e-03 -3.015631087663450671e-03 3.119168342781812879e-04 3.119168342781812879e-04
1.976409999999999911e+02 -8.166000000000000369e+00 -4.427980152627242205e-03 -4.427980152627242205e-03 4.931207032878479838e-04 4.931207032878479838e-04
1.271069999999999993e+02 -4.924499999999999744e+01 -2.504933804596021305e-03 -2.504933804596021305e-03 4.057303507042654667e-04 4.057303507042654667e-04
1.264659999999999940e+02 -3.766799999999999926e+01 -2.917040776131329862e-03 -2.917040776131329862e-03 3.451427535580603488e-04 3.451427535580603488e-04
-2.656879999999999882e+02 -1.650010000000000048e+02 -2.772070225364586978e-03 -2.772070225364586978e-03 6.623376854357455271e-04 6.623376854357455271e-04
-2.463290000000000077e+02 -1.829029999999999916e+02 -3.377193443003534586e-03 -3.377193443003534586e-03 7.069965354907787724e-04 7.069965354907787724e-04
-7.480299999999999727e+01 -1.261400000000000077e+01 8.691164664838879400e-04 8.691164664838879400e-04 5.644829027196243600e-04 5.644829027196243600e-04
-5.334599999999999653e+01 4.991499999999999915e+01 -1.971294603964679655e-03 -1.971294603964679655e-03 6.589193028222427567e-04 6.589193028222427567e-04
-2.924299999999999855e+01 4.191400000000000148e+01 -4.308891910427092679e-03 -4.308891910427092679e-03 4.395676184837003721e-04 4.395676184837003721e-04
5.698499999999999943e+01 1.014090000000000060e+02 -1.436872274058487121e-03 -1.436872274058487121e-03 6.671830469008517041e-04 6.671830469008517041e-04
5.599499999999999744e+01 1.228010000000000019e+02 -2.637303628276299714e-04 -2.637303628276299714e-04 5.156907400783288789e-04 5.156907400783288789e-04
-4.090500000000000114e+01 1.995560000000000116e+02 -8.206056035723463885e-03 -8.206056035723463885e-03 3.976125949506336679e-04 3.976125949506336679e-04
-7.569899999999999807e+01 2.165010000000000048e+02 -1.042540060620922348e-03 -1.042540060620922348e-03 2.915339945287728817e-04 2.915339945287728817e-04
-9.112800000000000011e+01 2.484689999999999941e+02 -7.760784608944959299e-03 -7.760784608944959299e-03 9.495166179753903365e-04 9.495166179753903365e-04
-2.644000000000000128e+00 2.198990000000000009e+02 -2.136210488831125250e-03 -2.136210488831125250e-03 5.542664669068511629e-04 5.542664669068511629e-04
4.840400000000000347e+01 2.771190000000000282e+02 -5.647111483831679379e-03 -5.647111483831679379e-03 4.279599252741421900e-04 4.279599252741421900e-04
9.964799999999999613e+01 2.820950000000000273e+02 -2.841150112081436332e-03 -2.841150112081436332e-03 3.178421931525137151e-04 3.178421931525137151e-04
1.381659999999999968e+02 2.637280000000000086e+02 -4.887295068476760554e-03 -4.887295068476760554e-03 4.018633745809570431e-04 4.018633745809570431e-04
2.299590000000000032e+02 1.699910000000000139e+02 4.123332644269339870e-04 4.123332644269339870e-04 5.888261208579820185e-04 5.888261208579820185e-04
1.735699999999999932e+02 9.079399999999999693e+01 -3.502457909490885868e-03 -3.502457909490885868e-03 3.393439430301261358e-04 3.393439430301261358e-04
1.605860000000000127e+02 7.732399999999999807e+01 -3.171549977696486340e-03 -3.171549977696486340e-03 3.434263297386730266e-04 3.434263297386730266e-04
1.446030000000000086e+02 5.365800000000000125e+01 -1.547749168469181270e-03 -1.547749168469181270e-03 1.805443170428399637e-04 1.805443170428399637e-04
1.345579999999999927e+02 4.752000000000000313e+01 4.983047082760094348e-04 4.983047082760094348e-04 3.743073329458598939e-04 3.743073329458598939e-04
-2.390089999999999861e+02 -1.389139999999999873e+02 -1.648310834866606456e-03 -1.648310834866606456e-03 3.999172759563467626e-04 3.999172759563467626e-04
-2.225939999999999941e+02 -1.031940000000000026e+02 -4.910086825242387584e-03 -4.910086825242387584e-03 7.431873701547905787e-04 7.431873701547905787e-04
-2.290420000000000016e+02 -6.547400000000000375e+01 -2.048936151430780141e-03 -2.048936151430780141e-03 3.392232267457073757e-04 3.392232267457073757e-04
1.392300000000000004e+01 -2.346899999999999977e+02 -2.622964889674505922e-04 -2.622964889674505922e-04 5.564524556959634174e-04 5.564524556959634174e-04
-6.392999999999999794e+00 -2.536469999999999914e+02 8.650549130987349872e-03 8.650549130987349872e-03 4.040984105635281407e-04 4.040984105635281407e-04
-4.296000000000000263e+00 -2.664379999999999882e+02 4.631878919875731873e-03 4.631878919875731873e-03 3.744365599482847519e-04 3.744365599482847519e-04
4.272099999999999653e+01 -2.993399999999999750e+02 5.823386917477080260e-03 5.823386917477080260e-03 2.715890115102234160e-04 2.715890115102234160e-04
6.010900000000000176e+01 -2.544219999999999970e+02 6.117787648341277765e-03 6.117787648341277765e-03 1.700571327462314540e-03 1.700571327462314540e-03
1.085690000000000026e+02 -4.110900000000000176e+01 1.903935080130736510e-03 1.903935080130736510e-03 1.111434092413988257e-03 1.111434092413988257e-03
9.920799999999999841e+01 -3.488100000000000023e+01 -4.945261416651192121e-04 -4.945261416651192121e-04 3.653718600406124259e-04 3.653718600406124259e-04
1.792000000000000037e+00 8.614199999999999591e+01 -2.727798385809476842e-03 -2.727798385809476842e-03 3.851329508644238181e-04 3.851329508644238181e-04
-1.757700000000000102e+02 -5.465999999999999659e+01 -2.703335918698712877e-03 -2.703335918698712877e-03 3.504052939161142965e-04 3.504052939161142965e-04
-1.926279999999999859e+02 -5.876599999999999824e+01 -3.304790353195130419e-03 -3.304790353195130419e-03 5.841781988467940412e-04 5.841781988467940412e-04
-9.506699999999999307e+01 1.708299999999999841e+01 1.067718118483185121e-03 1.067718118483185121e-03 7.151749508300731580e-04 7.151749508300731580e-04
-6.757299999999999329e+01 1.769600000000000151e+01 -4.768141970879468880e-03 -4.768141970879468880e-03 4.272412820136853783e-04 4.272412820136853783e-04
-1.198089999999999975e+02 6.742799999999999727e+01 -4.783225939263502586e-04 -4.783225939263502586e-04 5.389755930822631193e-04 5.389755930822631193e-04
-1.231949999999999932e+02 5.611800000000000210e+01 -2.173911227416169822e-03 -2.173911227416169822e-03 4.142025067630520025e-04 4.142025067630520025e-04
-2.153950000000000102e+02 1.551390000000000100e+02 3.923575147661039972e-03 3.923575147661039972e-03 5.679143626060804539e-04 5.679143626060804539e-04
-2.364399999999999977e+02 1.633849999999999909e+02 3.900385543374795599e-04 3.900385543374795599e-04 7.194133944878442107e-04 7.194133944878442107e-04
-2.509310000000000116e+02 1.534139999999999873e+02 1.547591483642918320e-03 1.547591483642918320e-03 8.182116516987371878e-04 8.182116516987371878e-04
1.613470000000000084e+02 -2.122340000000000089e+02 1.883656665717126002e-03 1.883656665717126002e-03 7.022683786505075744e-04 7.022683786505075744e-04
2.426850000000000023e+02 -1.400749999999999886e+02 -3.160908739982914821e-03 -3.160908739982914821e-03 5.437504528837051095e-04 5.437504528837051095e-04
2.528029999999999973e+02 -1.120720000000000027e+02 -1.859448867099899785e-03 -1.859448867099899785e-03 2.346276305077199564e-04 2.346276305077199564e-04
2.752839999999999918e+02 -9.443899999999999295e+01 -3.419176571401294669e-03 -3.419176571401294669e-03 1.442020454762685158e-04 1.442020454762685158e-04
2.000960000000000036e+02 -1.907599999999999909e+02 -6.603863930365605484e-04 -6.603863930365605484e-04 4.774747241449872224e-04 4.774747241449872224e-04
5.235199999999999676e+01 -2.844900000000000162e+01 2.571751844919845185e-03 2.571751844919845185e-03 6.412079945444268229e-04 6.412079945444268229e-04
3.414300000000000068e+01 -4.762599999999999767e+01 2.236488691312388429e-03 2.236488691312388429e-03 3.997403761573775898e-04 3.997403761573775898e-04
-3.402799999999999869e+01 5.964999999999999858e+00 8.504891265772584487e-05 8.504891265772584487e-05 2.360744701555155022e-04 2.360744701555155022e-04
-1.385300000000000011e+02 -6.910599999999999454e+01 -2.529100637190140333e-03 -2.529100637190140333e-03 2.757217493978813541e-04 2.757217493978813541e-04
-1.591899999999999977e+02 -3.754500000000000171e+01 -2.325691984566446990e-03 -2.325691984566446990e-03 4.306320921547243555e-04 4.306320921547243555e-04
-2.504739999999999895e+02 4.791599999999999682e+01 2.182162976123436064e-03 2.182162976123436064e-03 6.847094911816518090e-04 6.847094911816518090e-04
-2.432350000000000136e+02 6.091499999999999915e+01 4.184917714837865788e-03 4.184917714837865788e-03 4.141831747253617714e-04 4.141831747253617714e-04
-2.202439999999999998e+02 7.893500000000000227e+01 -1.987477624436450978e-03 -1.987477624436450978e-03 8.739136382360646179e-04 8.739136382360646179e-04
-2.024360000000000070e+02 9.835699999999999932e+01 -1.043530463789466012e-03 -1.043530463789466012e-03 4.816784259482232312e-04 4.816784259482232312e-04
-1.749290000000000020e+02 6.983499999999999375e+01 -5.211997471059248363e-03 -5.211997471059248363e-03 8.746496571777606904e-04 8.746496571777606904e-04
1.991100000000000136e+02 1.194129999999999967e+02 -2.158298524716428628e-03 -2.158298524716428628e-03 7.005478931616700980e-04 7.005478931616700980e-04
2.431889999999999930e+02 7.600799999999999557e+01 9.254080414450527531e-04 9.254080414450527531e-04 6.199143760463961175e-04 6.199143760463961175e-04
2.352709999999999866e+02 6.394299999999999784e+01 -2.063848562727343960e-03 -2.063848562727343960e-03 3.932790075628512919e-04 3.932790075628512919e-04
2.744510000000000218e+02 4.054099999999999682e+01 -2.713570994933434035e-03 -2.713570994933434035e-03 4.874012072245986911e-04 4.874012072245986911e-04
3.025210000000000150e+02 -1.679999999999999938e+00 -2.663200833876544320e-03 -2.663200833876544320e-03 6.473942737493072145e-04 6.473942737493072145e-04
2.810049999999999955e+02 -7.447000000000000064e+00 -2.153310709661582396e-03 -2.153310709661582396e-03 4.977022801338409691e-04 4.977022801338409691e-04
1.388580000000000041e+02 2.212760000000000105e+02 -5.204629117150716758e-03 -5.204629117150716758e-03 4.604533566061990964e-04 4.604533566061990964e-04
1.207060000000000031e+02 2.376040000000000134e+02 7.762991334573143614e-04 7.762991334573143614e-04 2.552936695968467977e-04 2.552936695968467977e-04
1.141239999999999952e+02 2.178830000000000098e+02 -3.225998081464354246e-03 -3.225998081464354246e-03 5.178542933550002230e-04 5.178542933550002230e-04
1.208900000000000041e+01 3.039660000000000082e+02 -7.071504362070513486e-03 -7.071504362070513486e-03 3.457934118804677757e-04 3.457934118804677757e-04
1.392500000000000071e+01 2.923410000000000082e+02 -5.886861002935716951e-03 -5.886861002935716951e-03 6.036798860792354617e-04 6.036798860792354617e-04
2.344099999999999895e+01 2.726890000000000214e+02 -7.260786780640416001e-03 -7.260786780640416001e-03 5.630392206647785378e-04 5.630392206647785378e-04
1.217600000000000016e+01 2.646840000000000259e+02 -2.582243041980092271e-03 -2.582243041980092271e-03 2.721611629880759829e-04 2.721611629880759829e-04
-1.518240000000000123e+02 3.890599999999999881e+01 9.267060476645383460e-04 9.267060476645383460e-04 3.378607844103931335e-04 3.378607844103931335e-04
-1.770229999999999961e+02 1.968400000000000105e+01 7.528446927551613044e-04 7.528446927551613044e-04 1.967127616280653401e-04 1.967127616280653401e-04
-1.952709999999999866e+02 3.378600000000000136e+01 2.141160134283381748e-03 2.141160134283381748e-03 5.658901125506971604e-04 5.658901125506971604e-04
-1.952160000000000082e+02 4.993200000000000216e+01 -2.097623076031140867e-03 -2.097623076031140867e-03 6.400647846090337526e-04 6.400647846090337526e-04
-1.914780000000000086e+02 6.368399999999999750e+01 -4.015830803507469508e-03 -4.015830803507469508e-03 6.178573554725969724e-04 6.178573554725969724e-04
-9.155200000000000671e+01 -3.677300000000000324e+01 1.711738503655624343e-03 1.711738503655624343e-03 4.988630588654687035e-04 4.988630588654687035e-04
-4.971699999999999875e+01 -7.912600000000000477e+01 -3.552179147121137357e-04 -3.552179147121137357e-04 4.189605197074873998e-04 4.189605197074873998e-04
-1.158029999999999973e+02 -1.553760000000000048e+02 -2.653093800611827733e-03 -2.653093800611827733e-03 3.249177711490761067e-04 3.249177711490761067e-04
1.256799999999999962e+01 -2.925169999999999959e+02 7.503327563415496289e-03 7.503327563415496289e-03 3.968547190877242943e-04 3.968547190877242943e-04
1.169999999999999929e+00 -3.083519999999999754e+02 8.003132772039345255e-03 8.003132772039345255e-03 2.870153391113839953e-04 2.870153391113839953e-04
-4.392600000000000193e+01 -3.035219999999999914e+02 9.632520135640731604e-03 9.632520135640731604e-03 3.925069611196218091e-04 3.925069611196218091e-04
-1.966759999999999877e+02 -1.499029999999999916e+02 -1.399630799318174381e-03 -1.399630799318174381e-03 4.243469694081307875e-04 4.243469694081307875e-04
-2.064089999999999918e+02 -1.365860000000000127e+02 1.940212601084567777e-04 1.940212601084567777e-04 5.471164800990612528e-04 5.471164800990612528e-04
-2.665609999999999786e+02 -5.792600000000000193e+01 -3.800706384947716114e-03 -3.800706384947716114e-03 3.674930723163623032e-04 3.674930723163623032e-04
-2.907540000000000191e+02 -4.007399999999999807e+01 2.716079624963185953e-03 2.716079624963185953e-03 5.557587233004301300e-04 5.557587233004301300e-04
-2.538400000000000034e+02 -1.931299999999999883e+01 2.160365811619158086e-04 2.160365811619158086e-04 4.556070867719166006e-04 4.556070867719166006e-04
-2.284350000000000023e+02 -5.282000000000000028e+01 -8.923435891119880104e-04 -8.923435891119880104e-04 4.064843306182530777e-04 4.064843306182530777e-04
2.918599999999999994e+01 -3.107570000000000050e+02 7.162239413507620438e-03 7.162239413507620438e-03 6.029048129293525498e-04 6.029048129293525498e-04
2.892099999999999937e+01 -2.915500000000000114e+02 5.723728328423050016e-03 5.723728328423050016e-03 2.327917032728312342e-04 2.327917032728312342e-04
2.278679999999999950e+02 -8.294299999999999784e+01 -5.951742182207908800e-03 -5.951742182207908800e-03 4.484686903394226060e-04 4.484686903394226060e-04
2.273720000000000141e+02 -4.724799999999999756e+01 -6.232315173519964446e-04 -6.232315173519964446e-04 4.539349541070539099e-04 4.539349541070539099e-04
2.350490000000000066e+02 -3.016100000000000136e+01 -3.440081988253496179e-03 -3.440081988253496179e-03 7.115967723484077721e-04 7.115967723484077721e-04
2.632029999999999745e+02 4.977999999999999758e+00 -1.171390521108151006e-03 -1.171390521108151006e-03 7.949556906205045449e-04 7.949556906205045449e-04
2.432860000000000014e+02 4.571000000000000085e+01 -4.064350661678872711e-04 -4.064350661678872711e-04 4.522479806253587153e-04 4.522479806253587153e-04
1.825649999999999977e+02 2.038700000000000045e+01 -7.546435821979002867e-03 -7.546435821979002867e-03 2.759992156581757500e-04 2.759992156581757500e-04
1.523009999999999877e+02 2.596499999999999986e+01 -1.661041136128460537e-03 -1.661041136128460537e-03 1.950910492240521816e-04 1.950910492240521816e-04
1.435329999999999870e+02 3.560799999999999699e+01 -1.081120592169782044e-03 -1.081120592169782044e-03 2.751452517542006797e-04 2.751452517542006797e-04
9.364199999999999591e+01 7.185599999999999454e+01 -1.408399727722553473e-05 -1.408399727722553473e-05 3.405965216699078225e-04 3.405965216699078225e-04
8.700000000000000000e+01 9.792900000000000205e+01 -1.521395729295704812e-03 -1.521395729295704812e-03 4.764513673806299011e-04 4.764513673806299011e-04
1.002399999999999949e+02 1.063769999999999953e+02 -3.446542717446732153e-03 -3.446542717446732153e-03 5.578242693884788135e-04 5.578242693884788135e-04
6.039099999999999824e+01 7.862199999999999989e+01 -6.252323880318044758e-05 -6.252323880318044758e-05 2.754491297853712910e-04 2.754491297853712910e-04
