-5.020999999999999908e+00 1.495100000000000051e+01 -1.690028635476625851e-03 -1.690028635476625851e-03 5.608294396520305952e-04 5.608294396520305952e-04
5.933299999999999841e+01 -3.416700000000000159e+01 8.287250983487481903e-04 8.287250983487481903e-04 8.439653785602188856e-04 8.439653785602188856e-04
5.865400000000000347e+01 -5.106400000000000006e+01 9.168837363962012432e-04 9.168837363962012432e-04 1.681612472441687848e-03 1.681612472441687848e-03
1.832239999999999895e+02 -1.176830000000000069e+02 9.095656751227920722e-04 9.095656751227920722e-04 1.669637118922166026e-03 1.669637118922166026e-03
1.824670000000000130e+02 -1.284399999999999977e+02 1.692544896414460709e-04 1.692544896414460709e-04 1.301413110577344769e-03 1.301413110577344769e-03
1.801210000000000093e+02 -1.027090000000000032e+02 -1.918453711438283804e-03 -1.918453711438283804e-03 1.125496928953788160e-03 1.125496928953788160e-03
2.770350000000000250e+02 1.321250000000000000e+02 -4.341526112682458916e-03 -4.341526112682458916e-03 1.414909055965818136e-03 1.414909055965818136e-03
2.511490000000000009e+02 1.375360000000000014e+02 -1.335801581390683168e-03 -1.335801581390683168e-03 1.874811392769589738e-03 1.874811392769589738e-03
2.060149999999999864e+02 1.500140000000000100e+02 -3.738717704813154796e-03 -3.738717704813154796e-03 2.011610413519826068e-03 2.011610413519826068e-03
1.975320000000000107e+02 1.423619999999999948e+02 -4.798769340002451145e-03 -4.798769340002451145e-03 7.418080499211495132e-04 7.418080499211495132e-04
-2.803199999999999932e+02 6.304699999999999704e+01 4.469676858164461919e-03 4.469676858164461919e-03 5.491135524793775563e-03 5.491135524793775563e-03
-2.899580000000000268e+02 5.143099999999999739e+01 -6.187720681536390543e-04 -6.187720681536390543e-04 5.342724625235950771e-04 5.342724625235950771e-04
-2.635960000000000036e+02 3.142899999999999849e+01 1.783128486197327334e-03 1.783128486197327334e-03 1.394621181577254503e-03 1.394621181577254503e-03
-2.087560000000000002e+02 -5.496800000000000352e+01 -6.031995249234256562e-03 -6.031995249234256562e-03 1.520936747949271388e-03 1.520936747949271388e-03
-2.343089999999999975e+02 -8.314000000000000057e+01 -2.491125018618589593e-03 -2.491125018618589593e-03 2.907271271201165592e-03 2.907271271201165592e-03
-2.192889999999999873e+02 -9.600199999999999534e+01 -1.429826424750757496e-03 -1.429826424750757496e-03 7.689419993240021118e-04 7.689419993240021118e-04
-2.216889999999999930e+02 -1.095139999999999958e+02 -3.738085933559176510e-03 -3.738085933559176510e-03 1.290306727680408730e-03 1.290306727680408730e-03
-2.719069999999999823e+02 -1.206089999999999947e+02 -2.189236685978812602e-03 -2.189236685978812602e-03 1.191308104290535923e-03 1.191308104290535923e-03
-2.963100000000000023e+02 -6.572100000000000364e+01 1.340617195182858268e-03 1.340617195182858268e-03 9.469727878770623376e-04 9.469727878770623376e-04
-2.505260000000000105e+02 -2.006299999999999883e+01 -4.985142409168474842e-04 -4.985142409168474842e-04 2.570311058843275775e-04 2.570311058843275775e-04
-2.944049999999999727e+02 1.730199999999999960e+01 9.038664441618493584e-04 9.038664441618493584e-04 3.215664768246150745e-03 3.215664768246150745e-03
-3.101440000000000055e+02 3.974099999999999966e+01 1.675811961831641383e-03 1.675811961831641383e-03 1.102858655464932945e-03 1.102858655464932945e-03
-2.883249999999999886e+02 9.658499999999999375e+01 -1.039227038825085714e-03 -1.039227038825085714e-03 5.434915396023425223e-03 5.434915396023425223e-03
-1.120439999999999969e+02 2.188280000000000030e+02 -6.540059464668956934e-03 -6.540059464668956934e-03 1.243798702212952885e-03 1.243798702212952885e-03
-1.094260000000000019e+02 2.483679999999999950e+02 -6.326738572180801157e-03 -6.326738572180801157e-03 2.269016009946879693e-03 2.269016009946879693e-03
-6.708299999999999841e+01 2.116539999999999964e+02 -7.786414475631886489e-03 -7.786414475631886489e-03 2.578510282245884870e-04 2.578510282245884870e-04
-8.700300000000000011e+01 2.441999999999999886e+02 -7.070153547442004083e-03 -7.070153547442004083e-03 7.298439663368874470e-04 7.298439663368874470e-04
-7.172700000000000387e+01 2.838240000000000123e+02 -4.945360229410056263e-03 -4.945360229410056263e-03 1.908734506346778130e-03 1.908734506346778130e-03
-8.675799999999999557e+01 2.996100000000000136e+02 -4.593950336392538247e-03 -4.593950336392538247e-03 1.655247967818375019e-03 1.655247967818375019e-03
-1.432820000000000107e+02 2.678650000000000091e+02 -4.731583370677583389e-03 -4.731583370677583389e-03 1.125849455156585762e-03 1.125849455156585762e-03
-1.591090000000000089e+02 2.543300000000000125e+02 -1.230034598428630943e-03 -1.230034598428630943e-03 4.505914129607876267e-03 4.505914129607876267e-03
-2.689010000000000105e+02 1.610360000000000014e+02 2.256643912541989039e-03 2.256643912541989039e-03 1.089093293491558709e-03 1.089093293491558709e-03
-2.139590000000000032e+02 1.077699999999999960e+02 -1.153013948577807923e-03 -1.153013948577807923e-03 2.952477848864593860e-03 2.952477848864593860e-03
-2.154099999999999966e+02 9.470799999999999841e+01 8.976648147509536102e-04 8.976648147509536102e-04 4.814328763603293649e-04 4.814328763603293649e-04
-1.962570000000000050e+02 7.928900000000000148e+01 -1.128471829993316078e-03 -1.128471829993316078e-03 4.447476667528504706e-04 4.447476667528504706e-04
-8.698600000000000421e+01 3.040700000000000003e+01 5.414774398744270911e-04 5.414774398744270911e-04 3.431059617016730869e-03 3.431059617016730869e-03
-1.496700000000000053e+01 3.128099999999999881e+01 -3.962404821331588778e-04 -3.962404821331588778e-04 3.590960186489970522e-04 3.590960186489970522e-04
-2.619000000000000128e+01 3.700200000000000244e+01 2.385706705222645496e-03 2.385706705222645496e-03 6.914882449300794503e-04 6.914882449300794503e-04
4.170300000000000296e+01 6.431300000000000239e+01 4.998625722514304925e-04 4.998625722514304925e-04 1.245912534758970239e-03 1.245912534758970239e-03
1.115930000000000035e+02 -3.237999999999999989e+00 -7.280301916914311278e-04 -7.280301916914311278e-04 1.234787290563876773e-03 1.234787290563876773e-03
2.316059999999999945e+02 -7.501399999999999579e+01 -5.535585582570945462e-03 -5.535585582570945462e-03 8.736570050940975756e-04 8.736570050940975756e-04
2.511289999999999907e+02 -6.281499999999999773e+01 -4.438397909872549008e-03 -4.438397909872549008e-03 1.785186250747310957e-03 1.785186250747310957e-03
3.022099999999999795e+02 6.371800000000000352e+01 -4.052841077054836205e-03 -4.052841077054836205e-03 2.444440140837722542e-03 2.444440140837722542e-03
2.436210000000000093e+02 1.050610000000000070e+02 -1.583024747233707785e-04 -1.583024747233707785e-04 8.772479979877007786e-04 8.772479979877007786e-04
2.097769999999999868e+02 1.167379999999999995e+02 -4.414842348715808384e-03 -4.414842348715808384e-03 2.180033771469927061e-03 2.180033771469927061e-03
8.711299999999999955e+01 1.037390000000000043e+02 -2.292002649980418028e-03 -2.292002649980418028e-03 8.692505730360327015e-04 8.692505730360327015e-04
-8.830700000000000216e+01 1.197909999999999968e+02 -9.293572696371654729e-04 -9.293572696371654729e-04 5.399395166261962073e-03 5.399395166261962073e-03
-1.312589999999999861e+02 1.255649999999999977e+02 -2.327484485791231350e-04 -2.327484485791231350e-04 4.606139798076028420e-03 4.606139798076028420e-03
-5.962700000000000244e+01 2.210049999999999955e+02 -6.865895362897056486e-03 -6.865895362897056486e-03 5.766222709295539504e-03 5.766222709295539504e-03
-5.684400000000000119e+01 2.460869999999999891e+02 -3.270058161294997490e-03 -3.270058161294997490e-03 4.752919386157336556e-03 4.752919386157336556e-03
-4.314900000000000091e+01 2.372479999999999905e+02 -3.497954798175939573e-03 -3.497954798175939573e-03 5.305554046091943282e-03 5.305554046091943282e-03
-1.962170000000000130e+02 1.366769999999999925e+02 -9.727460690669431642e-04 -9.727460690669431642e-04 4.134531970359568188e-03 4.134531970359568188e-03
-6.102600000000000335e+01 -1.123289999999999935e+02 2.603627553895648816e-03 2.603627553895648816e-03 7.200472742426598577e-04 7.200472742426598577e-04
-4.183500000000000085e+01 -1.014330000000000069e+02 5.140079818684029078e-04 5.140079818684029078e-04 3.437999156964257307e-03 3.437999156964257307e-03
-6.933400000000000318e+01 -6.295100000000000051e+01 -5.278489602630997979e-03 -5.278489602630997979e-03 2.538225482047684828e-04 2.538225482047684828e-04
-5.119200000000000017e+01 -7.276800000000000068e+01 1.687262477082285272e-03 1.687262477082285272e-03 1.921883404863389006e-03 1.921883404863389006e-03
3.366299999999999670e+01 -2.851200000000000045e+01 -1.346891806875305519e-03 -1.346891806875305519e-03 1.468495898222144450e-03 1.468495898222144450e-03
2.105699999999999861e+01 -3.854399999999999693e+01 -1.394987771722533410e-03 -1.394987771722533410e-03 2.843805458106878851e-03 2.843805458106878851e-03
1.385999999999999943e+01 -2.948699999999999832e+01 2.609944536552610828e-03 2.609944536552610828e-03 3.640681508419155513e-03 3.640681508419155513e-03
2.578430000000000177e+02 -1.697160000000000082e+02 -1.414959741012467020e-03 -1.414959741012467020e-03 9.325572872497071841e-04 9.325572872497071841e-04
2.597090000000000032e+02 -1.557930000000000064e+02 -1.162212763063052989e-03 -1.162212763063052989e-03 1.321635495627984658e-03 1.321635495627984658e-03
2.546539999999999964e+02 -1.214440000000000026e+02 7.652415825631919688e-04 7.652415825631919688e-04 1.214222466699312270e-03 1.214222466699312270e-03
2.585330000000000155e+02 -1.340730000000000075e+02 -1.096523934677406942e-03 -1.096523934677406942e-03 2.390210325428364195e-03 2.390210325428364195e-03
1.631129999999999995e+02 -1.436639999999999873e+02 -1.953451669081118780e-04 -1.953451669081118780e-04 2.864875786808693953e-03 2.864875786808693953e-03
1.408160000000000025e+02 -1.344070000000000107e+02 -7.897814793516033660e-04 -7.897814793516033660e-04 3.078506186362116662e-03 3.078506186362116662e-03
-7.116100000000000136e+01 7.031000000000000227e+01 2.598579314287974285e-04 2.598579314287974285e-04 2.737074661397525220e-03 2.737074661397525220e-03
-5.710900000000000176e+01 8.710800000000000409e+01 1.187536272921008162e-03 1.187536272921008162e-03 3.052969908084293953e-03 3.052969908084293953e-03
-8.555299999999999727e+01 9.650700000000000500e+01 -2.620569593467791947e-03 -2.620569593467791947e-03 1.035263080296631999e-03 1.035263080296631999e-03
7.526800000000000068e+01 2.192909999999999968e+02 -3.937390070451129986e-03 -3.937390070451129986e-03 3.125738840716758664e-03 3.125738840716758664e-03
8.972599999999999909e+01 2.240200000000000102e+02 -5.036689556561668724e-03 -5.036689556561668724e-03 1.693209315906285062e-03 1.693209315906285062e-03
1.037330000000000041e+02 2.175579999999999927e+02 -3.376024782312470052e-03 -3.376024782312470052e-03 1.553455857031241141e-03 1.553455857031241141e-03
8.632500000000000284e+01 2.523520000000000039e+02 -5.490913434218924749e-03 -5.490913434218924749e-03 3.855766314456473935e-03 3.855766314456473935e-03
6.497899999999999920e+01 2.304900000000000091e+02 -4.087000654759975760e-03 -4.087000654759975760e-03 4.941992253448823647e-03 4.941992253448823647e-03
3.092399999999999949e+01 2.474939999999999998e+02 -6.672961259283738400e-03 -6.672961259283738400e-03 5.000725179475981955e-03 5.000725179475981955e-03
-2.617760000000000105e+02 4.867399999999999949e+01 -1.336501593975469859e-03 -1.336501593975469859e-03 2.893290121003500373e-03 2.893290121003500373e-03
-2.435020000000000095e+02 5.195499999999999829e+01 -1.932696373046383087e-03 -1.932696373046383087e-03 1.297841509656528884e-03 1.297841509656528884e-03
-1.718880000000000052e+02 5.876000000000000334e+00 -8.830984194574398316e-04 -8.830984194574398316e-04 4.564443969533807247e-04 4.564443969533807247e-04
-1.887460000000000093e+02 -1.146599999999999930e+01 1.707320438804060814e-03 1.707320438804060814e-03 2.172223666536052082e-03 2.172223666536052082e-03
-1.260630000000000024e+02 -1.203449999999999989e+02 -2.211711134428639980e-03 -2.211711134428639980e-03 2.468231643766083828e-03 2.468231643766083828e-03
2.269500000000000028e+01 -2.823279999999999745e+02 1.421587249263112085e-03 1.421587249263112085e-03 2.999711460230594044e-03 2.999711460230594044e-03
1.065499999999999936e+01 -2.779950000000000045e+02 3.143381042044701701e-03 3.143381042044701701e-03 1.177671846397108360e-03 1.177671846397108360e-03
1.800000000000000000e+01 -2.673700000000000045e+02 4.496587482002212255e-03 4.496587482002212255e-03 3.309497856470824603e-03 3.309497856470824603e-03
-1.370939999999999941e+02 5.920700000000000074e+01 -1.117678159630486334e-03 -1.117678159630486334e-03 1.244446327499790055e-03 1.244446327499790055e-03
-2.811599999999999966e+01 3.010880000000000223e+02 -7.508393187928064094e-03 -7.508393187928064094e-03 4.406845753390842063e-04 4.406845753390842063e-04
-1.531499999999999950e+01 2.804739999999999895e+02 -7.769603587191031835e-03 -7.769603587191031835e-03 8.780134183888958733e-05 8.780134183888958733e-05
-9.910000000000000142e+00 2.453770000000000095e+02 -9.253172401518128254e-03 -9.253172401518128254e-03 9.720711230947466598e-04 9.720711230947466598e-04
1.857529999999999859e+02 -2.840099999999999980e+01 -3.246229349947782339e-03 -3.246229349947782339e-03 4.697633548171826286e-04 4.697633548171826286e-04
2.183329999999999984e+02 -1.031499999999999950e+01 -1.070150900886801537e-03 -1.070150900886801537e-03 9.224127286740029224e-04 9.224127286740029224e-04
2.927690000000000055e+02 3.886399999999999721e+01 -2.395956352884809348e-03 -2.395956352884809348e-03 1.225674443363009231e-03 1.225674443363009231e-03
2.554370000000000118e+02 6.846800000000000352e+01 -6.561067923840369076e-04 -6.561067923840369076e-04 3.811165584406607347e-03 3.811165584406607347e-03
2.282090000000000032e+02 9.512999999999999545e+01 -2.369705344662520474e-03 -2.369705344662520474e-03 1.699265777530271438e-03 1.699265777530271438e-03
2.347059999999999889e+02 7.434999999999999432e+01 -3.402835537947623834e-03 -3.402835537947623834e-03 1.016544444714785915e-03 1.016544444714785915e-03
2.480600000000000023e+02 5.476400000000000290e+01 -1.952780447716406798e-03 -1.952780447716406798e-03 7.361574448340091250e-04 7.361574448340091250e-04
1.811649999999999920e+02 -4.206000000000000405e+00 -1.803445029125327892e-03 -1.803445029125327892e-03 1.035372516060784715e-03 1.035372516060784715e-03
1.846659999999999968e+02 -1.600000000000000000e+01 -2.100548079518205213e-03 -2.100548079518205213e-03 1.399727334575666567e-03 1.399727334575666567e-03
8.030200000000000671e+01 -2.179379999999999882e+02 4.126455857875299671e-03 4.126455857875299671e-03 3.664019860911487628e-03 3.664019860911487628e-03
1.028599999999999994e+02 -2.107379999999999995e+02 4.286388143142971785e-03 4.286388143142971785e-03 4.985531746560353111e-03 4.985531746560353111e-03
2.181879999999999882e+02 -9.839000000000000057e+01 -3.420842467882323490e-03 -3.420842467882323490e-03 1.461830116811808390e-03 1.461830116811808390e-03
2.009019999999999868e+02 -9.712900000000000489e+01 -6.971615596995661690e-04 -6.971615596995661690e-04 2.195948040311566235e-03 2.195948040311566235e-03
2.878229999999999791e+02 -7.642000000000000348e+00 -1.184199784063366678e-04 -1.184199784063366678e-04 5.020629686874443151e-03 5.020629686874443151e-03
2.867200000000000273e+02 3.466000000000000192e+00 4.220311346685434728e-04 4.220311346685434728e-04 3.530196825025575403e-03 3.530196825025575403e-03
2.192789999999999964e+02 6.372099999999999653e+01 4.365330194021410648e-03 4.365330194021410648e-03 1.816676350460824348e-03 1.816676350460824348e-03
1.975420000000000016e+02 6.853499999999999659e+01 -1.271599321867711296e-03 -1.271599321867711296e-03 1.394873601007658170e-03 1.394873601007658170e-03
2.035740000000000123e+02 1.040649999999999977e+02 -3.500536435780077227e-03 -3.500536435780077227e-03 7.374283481318258176e-04 7.374283481318258176e-04
-8.875900000000000034e+01 -2.164590000000000032e+02 3.395273927885966714e-03 3.395273927885966714e-03 3.354214409251267751e-03 3.354214409251267751e-03
-1.095139999999999958e+02 -2.041330000000000098e+02 7.461169288660585153e-04 7.461169288660585153e-04 6.618929253936721435e-04 6.618929253936721435e-04
-1.344039999999999964e+02 -1.788849999999999909e+02 1.884546341401005520e-03 1.884546341401005520e-03 8.814979095235558285e-04 8.814979095235558285e-04
-2.115250000000000057e+02 -1.558779999999999859e+02 -4.776870751985740071e-03 -4.776870751985740071e-03 2.376352568704914736e-03 2.376352568704914736e-03
-2.475010000000000048e+02 -1.599679999999999893e+02 -2.845200581206963619e-03 -2.845200581206963619e-03 4.539110204415955363e-03 4.539110204415955363e-03
-1.478969999999999914e+02 -2.322529999999999859e+02 2.189108443539922177e-04 2.189108443539922177e-04 1.525502581827733973e-03 1.525502581827733973e-03
-1.284629999999999939e+02 -2.788790000000000191e+02 2.362276450918354698e-03 2.362276450918354698e-03 1.848328143576918143e-03 1.848328143576918143e-03
-1.022930000000000064e+02 -2.714049999999999727e+02 4.089202658288826342e-03 4.089202658288826342e-03 5.364997153970298138e-03 5.364997153970298138e-03
-9.716299999999999670e+01 -2.856669999999999732e+02 5.368463669437772978e-03 5.368463669437772978e-03 2.870321557890865780e-03 2.870321557890865780e-03
1.452160000000000082e+02 -2.226889999999999930e+02 4.369948830728276334e-03 4.369948830728276334e-03 3.706209842936052361e-03 3.706209842936052361e-03
1.618149999999999977e+02 -2.629900000000000091e+02 5.541641127017271629e-03 5.541641127017271629e-03 5.898319128026747148e-03 5.898319128026747148e-03
1.254950000000000045e+02 -2.842339999999999804e+02 5.032567601084281250e-03 5.032567601084281250e-03 5.795522885050877204e-03 5.795522885050877204e-03
6.476699999999999591e+01 -2.587880000000000109e+02 5.032403893849846099e-03 5.032403893849846099e-03 6.204070783275898032e-03 6.204070783275898032e-03
7.421699999999999875e+01 -2.506210000000000093e+02 3.474758318819937131e-03 3.474758318819937131e-03 3.905158976665815650e-03 3.905158976665815650e-03
-2.638910000000000196e+02 6.610200000000000387e+01 2.681000060263727391e-03 2.681000060263727391e-03 1.499747048874001260e-03 1.499747048874001260e-03
-2.449410000000000025e+02 6.911499999999999488e+01 1.501298430312658638e-03 1.501298430312658638e-03 2.113261633344537798e-03 2.113261633344537798e-03
-2.311570000000000107e+02 7.150900000000000034e+01 -2.562209823722128021e-04 -2.562209823722128021e-04 7.041770047681740865e-04 7.041770047681740865e-04
-2.180440000000000111e+02 6.592000000000000171e+01 -3.911243041041956303e-03 -3.911243041041956303e-03 5.155298920125367824e-04 5.155298920125367824e-04
-1.590000000000000000e+02 -5.993800000000000239e+01 -1.661943033077761811e-04 -1.661943033077761811e-04 1.471803142165488193e-03 1.471803142165488193e-03
-1.471279999999999859e+02 -4.299699999999999989e+01 2.884306422163973593e-03 2.884306422163973593e-03 3.227464958772070834e-04 3.227464958772070834e-04
-1.098889999999999958e+02 -2.164199999999999946e+01 4.887285004265606858e-03 4.887285004265606858e-03 7.198744579521675199e-04 7.198744579521675199e-04
-9.322799999999999443e+01 -1.793599999999999994e+01 1.617383587824150482e-03 1.617383587824150482e-03 1.747139264596478175e-03 1.747139264596478175e-03
-7.987099999999999511e+01 -3.829500000000000171e+01 2.379377677637961597e-03 2.379377677637961597e-03 8.507282040860489813e-04 8.507282040860489813e-04
-9.953199999999999648e+01 -1.000480000000000018e+02 2.723819948624139897e-03 2.723819948624139897e-03 2.517081524074506887e-03 2.517081524074506887e-03
-5.369200000000000017e+01 -2.799599999999999795e+02 3.798844537943324440e-03 3.798844537943324440e-03 5.724670488097833264e-03 5.724670488097833264e-03
-3.579099999999999682e+01 -3.009470000000000027e+02 6.321774696134596638e-03 6.321774696134596638e-03 3.667609374141310007e-03 3.667609374141310007e-03
-3.060200000000000031e+01 -2.086419999999999959e+02 4.061137344500309609e-03 4.061137344500309609e-03 6.528818611700947742e-04 6.528818611700947742e-04
5.211500000000000199e+01 8.341100000000000136e+01 -3.015262031965448841e-03 -3.015262031965448841e-03 4.088970440515389722e-03 4.088970440515389722e-03
5.087199999999999989e+01 9.403499999999999659e+01 -1.298045923192603368e-04 -1.298045923192603368e-04 1.660716181201620347e-03 1.660716181201620347e-03
-3.109700000000000131e+01 5.360300000000000153e+01 -4.819006944858372776e-04 -4.819006944858372776e-04 3.004307819538471272e-03 3.004307819538471272e-03
-4.330499999999999972e+01 5.827400000000000091e+01 4.915443622337534180e-04 4.915443622337534180e-04 9.711927074242464146e-04 9.711927074242464146e-04
-1.884240000000000066e+02 -1.241410000000000053e+02 -2.751080944978667731e-03 -2.751080944978667731e-03 2.581372903137744458e-03 2.581372903137744458e-03
-2.136169999999999902e+02 -1.291879999999999882e+02 2.827840108796664254e-04 2.827840108796664254e-04 1.791863748711969035e-03 1.791863748711969035e-03
-1.733000000000000114e+02 -9.323900000000000432e+01 -2.001088002034023816e-03 -2.001088002034023816e-03 2.203244171015744570e-03 2.203244171015744570e-03
-1.573420000000000130e+02 -8.520099999999999341e+01 -1.939033658537425708e-03 -1.939033658537425708e-03 2.757689227845603729e-03 2.757689227845603729e-03
-1.012639999999999958e+02 1.602499999999999858e+01 3.698191646741122440e-03 3.698191646741122440e-03 3.096462711699785172e-04 3.096462711699785172e-04
4.274900000000000233e+01 1.306229999999999905e+02 -1.638508224912627043e-03 -1.638508224912627043e-03 4.007345524306589295e-03 4.007345524306589295e-03
1.430449999999999875e+02 5.606300000000000239e+01 -4.200972763277022182e-03 -4.200972763277022182e-03 2.607117873522501236e-03 2.607117873522501236e-03
1.556879999999999882e+02 4.720499999999999829e+01 -1.149899057157455218e-03 -1.149899057157455218e-03 2.704840161876681786e-03 2.704840161876681786e-03
1.760099999999999909e+02 4.747200000000000131e+01 -3.480797884527930819e-03 -3.480797884527930819e-03 2.016985560818998664e-03 2.016985560818998664e-03
2.207820000000000107e+02 4.604899999999999949e+01 -3.056869026945463474e-03 -3.056869026945463474e-03 7.854908410947771761e-04 7.854908410947771761e-04
2.869809999999999945e+02 -4.256900000000000261e+01 -4.411124309910974262e-05 -4.411124309910974262e-05 1.184966209115592868e-03 1.184966209115592868e-03
3.074010000000000105e+02 -4.807300000000000040e+01 -7.142216335864759458e-04 -7.142216335864759458e-04 5.809573145953477119e-04 5.809573145953477119e-04
2.818600000000000136e+02 -9.799500000000000455e+01 4.719030005544411210e-04 4.719030005544411210e-04 2.121286805660640203e-03 2.121286805660640203e-03
1.136230000000000047e+02 4.679999999999999716e+01 4.633579535997967014e-03 4.633579535997967014e-03 2.151619932562198051e-03 2.151619932562198051e-03
1.091929999999999978e+02 6.762099999999999511e+01 -2.123633253248158326e-05 -2.123633253248158326e-05 1.816298052662891887e-03 1.816298052662891887e-03
9.211100000000000421e+01 7.068600000000000705e+01 6.082866934278285953e-04 6.082866934278285953e-04 3.548504247933819810e-03 3.548504247933819810e-03
1.372350000000000136e+02 2.764950000000000045e+02 -1.557866509013905443e-03 -1.557866509013905443e-03 4.629086467225185762e-03 4.629086467225185762e-03
7.456799999999999784e+01 2.980950000000000273e+02 -9.254193774424379626e-03 -9.254193774424379626e-03 1.903536506902337485e-04 1.903536506902337485e-04
5.542999999999999972e+01 3.089390000000000214e+02 -7.268174157305296035e-03 -7.268174157305296035e-03 2.372390337486233449e-04 2.372390337486233449e-04
4.238900000000000290e+01 2.804379999999999882e+02 -5.438386906076786431e-03 -5.438386906076786431e-03 3.581320885183438951e-03 3.581320885183438951e-03
-2.296109999999999900e+02 1.435180000000000007e+02 2.985282654188736728e-03 2.985282654188736728e-03 1.257949793168251307e-03 1.257949793168251307e-03
-2.379070000000000107e+02 1.558170000000000073e+02 3.301615885565212238e-03 3.301615885565212238e-03 2.099292315349381155e-03 2.099292315349381155e-03
1.139099999999999966e+02 -3.691400000000000148e+01 -1.057885437383276894e-03 -1.057885437383276894e-03 6.870019801106820850e-04 6.870019801106820850e-04
1.277060000000000031e+02 -2.128999999999999915e+01 -2.297252875479216527e-03 -2.297252875479216527e-03 3.318983917921420040e-03 3.318983917921420040e-03
1.661250000000000000e+02 -4.743599999999999994e+01 -5.785545853314033593e-04 -5.785545853314033593e-04 1.258041112236963971e-03 1.258041112236963971e-03
1.570939999999999941e+02 -5.752300000000000324e+01 5.970025009602863975e-04 5.970025009602863975e-04 1.394930230824378012e-03 1.394930230824378012e-03
1.184230000000000018e+02 -1.227019999999999982e+02 5.394284346849076428e-04 5.394284346849076428e-04 1.949134440987736064e-03 1.949134440987736064e-03
7.078000000000000114e+01 -8.213599999999999568e+01 4.372540810006597667e-03 4.372540810006597667e-03 7.268288358199003797e-04 7.268288358199003797e-04
-5.764000000000000234e+00 -9.002700000000000102e+01 1.947625944386466301e-03 1.947625944386466301e-03 1.717314290016762075e-03 1.717314290016762075e-03
5.739399999999999835e+01 5.996600000000000108e+01 -5.717615374862816680e-04 -5.717615374862816680e-04 1.999083841230848892e-03 1.999083841230848892e-03
1.087390000000000043e+02 9.588100000000000023e+01 -2.375533617001934772e-03 -2.375533617001934772e-03 2.500889293043763797e-03 2.500889293043763797e-03
1.093169999999999931e+02 1.070550000000000068e+02 -2.200745040013885045e-03 -2.200745040013885045e-03 1.041157693611250486e-03 1.041157693611250486e-03
1.156099999999999994e+02 1.506709999999999923e+02 -1.051347983608508230e-03 -1.051347983608508230e-03 4.047500789780624788e-04 4.047500789780624788e-04
1.266059999999999945e+02 1.454350000000000023e+02 -2.882786921066582408e-03 -2.882786921066582408e-03 7.898182167743617726e-04 7.898182167743617726e-04
1.409079999999999870e+02 1.345459999999999923e+02 -2.127307343897655301e-04 -2.127307343897655301e-04 5.953210618235141912e-04 5.953210618235141912e-04
1.536519999999999868e+02 1.541279999999999859e+02 1.291656417350850461e-03 1.291656417350850461e-03 1.149440648343618646e-03 1.149440648343618646e-03
-1.860519999999999925e+02 5.323199999999999932e+01 -9.533118737152790345e-04 -9.533118737152790345e-04 2.404763206742641102e-03 2.404763206742641102e-03
-2.432839999999999918e+02 7.171000000000000263e+00 -9.441649576871213867e-04 -9.441649576871213867e-04 5.834139930898802609e-04 5.834139930898802609e-04
-2.692400000000000091e+02 -1.378400000000000070e+01 9.303441169166148939e-04 9.303441169166148939e-04 4.182656509114789263e-03 4.182656509114789263e-03
-2.947719999999999914e+02 -2.371199999999999974e+01 2.689027463929960504e-03 2.689027463929960504e-03 3.934935723288140834e-03 3.934935723288140834e-03
-2.562710000000000150e+02 -4.709599999999999653e+01 -3.167845693212711922e-04 -3.167845693212711922e-04 5.595619388864579236e-04 5.595619388864579236e-04
-2.410200000000000102e+02 -3.671500000000000341e+01 1.298841218911661599e-03 1.298841218911661599e-03 9.199231038345711577e-04 9.199231038345711577e-04
-2.119329999999999927e+02 6.314000000000000057e+00 -1.517392324842603557e-03 -1.517392324842603557e-03 1.164527136335334351e-03 1.164527136335334351e-03
-1.941790000000000020e+02 9.111000000000000654e+00 1.291234009542563399e-03 1.291234009542563399e-03 4.166423847226945545e-03 4.166423847226945545e-03
-1.921610000000000014e+02 -5.270900000000000318e+01 -3.971030426576760419e-03 -3.971030426576760419e-03 4.221776222492780277e-03 4.221776222492780277e-03
-1.780989999999999895e+02 -7.167100000000000648e+01 -1.668155702034823662e-03 -1.668155702034823662e-03 1.667281235330230404e-03 1.667281235330230404e-03
-1.128400000000000034e+02 -9.013299999999999557e+01 8.062298164226433528e-04 8.062298164226433528e-04 2.157175740529961895e-03 2.157175740529961895e-03
-5.307099999999999795e+01 -1.540420000000000016e+02 5.886509187680744049e-03 5.886509187680744049e-03 1.099569984266292495e-03 1.099569984266292495e-03
-8.200300000000000011e+01 -2.351709999999999923e+02 6.150960158617380102e-03 6.150960158617380102e-03 1.308503008780909083e-03 1.308503008780909083e-03
-5.104099999999999682e+01 -2.498160000000000025e+02 6.933164115036305475e-03 6.933164115036305475e-03 1.027378487814224793e-03 1.027378487814224793e-03
-1.159800000000000075e+01 -2.781940000000000168e+02 7.491563017784752532e-03 7.491563017784752532e-03 4.373328343787468331e-04 4.373328343787468331e-04
1.872969999999999970e+02 -8.556100000000000705e+01 -1.917860217400146894e-03 -1.917860217400146894e-03 1.350802134090319916e-03 1.350802134090319916e-03
2.151299999999999955e+02 -5.405499999999999972e+01 -8.912988398428467463e-04 -8.912988398428467463e-04 7.435695290451037548e-04 7.435695290451037548e-04
2.132340000000000089e+02 -4.019400000000000261e+01 -1.811695782304667546e-03 -1.811695782304667546e-03 1.563309450732861547e-03 1.563309450732861547e-03
8.361899999999999977e+01 -1.125669999999999931e+02 1.836984977419575671e-03 1.836984977419575671e-03 1.298345383076727469e-03 1.298345383076727469e-03
2.526599999999999824e+01 -2.202309999999999945e+02 4.621429002875210301e-03 4.621429002875210301e-03 2.339506271377797715e-03 2.339506271377797715e-03
4.709899999999999665e+01 -2.291790000000000020e+02 4.881968218439780571e-03 4.881968218439780571e-03 1.964682310379904651e-03 1.964682310379904651e-03
