1.272199999999999953e+01 1.992999999999999972e+01 -2.955597056063297146e-03 -2.955597056063297146e-03 6.954602753079773287e-04 6.954602753079773287e-04
-5.894500000000000028e+01 3.051089999999999804e+02 -5.910922975178323387e-03 -5.910922975178323387e-03 3.163603579793999778e-03 3.163603579793999778e-03
-4.678399999999999892e+01 3.097470000000000141e+02 -4.851639001708462837e-03 -4.851639001708462837e-03 1.924339126497034589e-03 1.924339126497034589e-03
1.989910000000000139e+02 3.028999999999999915e+00 -1.901004920102877761e-03 -1.901004920102877761e-03 2.218782345839675346e-03 2.218782345839675346e-03
2.220020000000000095e+02 2.427000000000000046e+00 -7.144605878113452664e-03 -7.144605878113452664e-03 4.904322062576890739e-03 4.904322062576890739e-03
2.095289999999999964e+02 -1.696799999999999997e+01 -6.735671520777941970e-03 -6.735671520777941970e-03 4.916304586761708912e-04 4.916304586761708912e-04
1.898170000000000073e+02 -2.689000000000000057e+00 -5.583325644960268445e-03 -5.583325644960268445e-03 7.184575355071591606e-04 7.184575355071591606e-04
1.564960000000000093e+02 -4.648100000000000165e+01 -1.837617177875472321e-03 -1.837617177875472321e-03 1.402154080764540095e-03 1.402154080764540095e-03
-1.245330000000000013e+02 -8.605800000000000693e+01 1.356924376472079443e-03 1.356924376472079443e-03 5.013242189631568913e-04 5.013242189631568913e-04
-1.286579999999999870e+02 -9.707800000000000296e+01 -1.842924173047322364e-04 -1.842924173047322364e-04 1.558301354982629880e-03 1.558301354982629880e-03
-1.783400000000000034e+02 -4.584000000000000341e+01 -1.237633903650703446e-03 -1.237633903650703446e-03 1.521755807517598648e-03 1.521755807517598648e-03
2.857900000000000063e+01 2.210149999999999864e+02 -5.914163720646570255e-03 -5.914163720646570255e-03 4.975901212233075320e-03 4.975901212233075320e-03
5.309700000000000131e+01 2.443569999999999993e+02 -4.317698951220449652e-03 -4.317698951220449652e-03 4.164171248943847998e-04 4.164171248943847998e-04
1.075580000000000069e+02 2.827980000000000018e+02 -4.959564115233660794e-03 -4.959564115233660794e-03 1.746309986187661190e-03 1.746309986187661190e-03
1.121170000000000044e+02 2.543849999999999909e+02 -5.744808730605654654e-03 -5.744808730605654654e-03 2.494954312548992945e-03 2.494954312548992945e-03
2.390740000000000123e+02 -4.844400000000000261e+01 -4.157051637082531843e-03 -4.157051637082531843e-03 1.254935219432799830e-03 1.254935219432799830e-03
2.808969999999999914e+02 -8.815500000000000114e+01 -3.309135233860160778e-03 -3.309135233860160778e-03 6.145430003315404061e-04 6.145430003315404061e-04
2.382400000000000091e+02 -1.924550000000000125e+02 -3.057677780304857151e-05 -3.057677780304857151e-05 6.246279089440597704e-04 6.246279089440597704e-04
1.930939999999999941e+02 -1.419780000000000086e+02 -3.766527411261222542e-03 -3.766527411261222542e-03 2.973036202075980163e-04 2.973036202075980163e-04
1.776699999999999875e+02 -3.895300000000000296e+01 -4.921875342324711147e-03 -4.921875342324711147e-03 2.594646794589626233e-03 2.594646794589626233e-03
2.074079999999999870e+02 -4.302499999999999858e+01 -3.274993473422682481e-03 -3.274993473422682481e-03 1.528106593823299339e-03 1.528106593823299339e-03
6.926600000000000534e+01 1.986270000000000095e+02 -3.071773388026599431e-03 -3.071773388026599431e-03 2.176925302472639944e-03 2.176925302472639944e-03
5.294500000000000028e+01 2.146519999999999868e+02 -7.480000449383794603e-03 -7.480000449383794603e-03 5.076545487474796656e-03 5.076545487474796656e-03
1.553200000000000003e+01 2.369619999999999891e+02 -5.577013987985069213e-03 -5.577013987985069213e-03 3.710809125410082301e-03 3.710809125410082301e-03
-4.654299999999999926e+01 2.578530000000000086e+02 -5.115396297853180840e-03 -5.115396297853180840e-03 5.402809764172553098e-03 5.402809764172553098e-03
-6.157200000000000273e+01 2.715450000000000159e+02 -4.839210478051825595e-03 -4.839210478051825595e-03 5.329791456762033967e-03 5.329791456762033967e-03
-1.763429999999999893e+02 1.437520000000000095e+02 -2.695290401925376587e-03 -2.695290401925376587e-03 3.659293581543689167e-03 3.659293581543689167e-03
-2.405720000000000027e+02 7.380899999999999750e+01 -6.743270896549801731e-05 -6.743270896549801731e-05 2.375799110892482316e-03 2.375799110892482316e-03
-2.194830000000000041e+02 1.008910000000000053e+02 5.569147804345675121e-03 5.569147804345675121e-03 9.759526990204443753e-04 9.759526990204443753e-04
-2.688299999999999841e+02 1.618890000000000100e+02 4.156126977721896938e-03 4.156126977721896938e-03 1.007317578331679399e-03 1.007317578331679399e-03
-2.748349999999999795e+02 1.502529999999999859e+02 3.501793243299289142e-03 3.501793243299289142e-03 3.276891735488838002e-04 3.276891735488838002e-04
-2.423110000000000070e+02 1.488580000000000041e+02 1.453425486010928493e-03 1.453425486010928493e-03 2.336169981858376640e-03 2.336169981858376640e-03
-2.300560000000000116e+02 1.461310000000000002e+02 5.932995389915341269e-03 5.932995389915341269e-03 5.282674743973079113e-04 5.282674743973079113e-04
-2.769750000000000227e+02 -2.760500000000000043e+01 7.036616558011132404e-04 7.036616558011132404e-04 1.978910588143781030e-03 1.978910588143781030e-03
-2.782230000000000132e+02 -4.983599999999999852e+01 -1.016041377648946266e-03 -1.016041377648946266e-03 4.208484924338456870e-04 4.208484924338456870e-04
-1.577560000000000002e+02 -1.665149999999999864e+02 -2.544646208403378122e-03 -2.544646208403378122e-03 1.275230060817192888e-03 1.275230060817192888e-03
-1.625740000000000123e+02 -1.547119999999999891e+02 -2.838708060576777652e-03 -2.838708060576777652e-03 1.293702289682578362e-03 1.293702289682578362e-03
-2.017369999999999948e+02 -1.040589999999999975e+02 -4.631352571948355143e-04 -4.631352571948355143e-04 3.203839141247197958e-03 3.203839141247197958e-03
-2.901340000000000146e+02 -1.366699999999999982e+01 1.519147873545989656e-03 1.519147873545989656e-03 1.130126999902555246e-03 1.130126999902555246e-03
-1.827400000000000091e+02 9.189700000000000557e+01 -1.001422089376546821e-03 -1.001422089376546821e-03 1.163060802121142559e-03 1.163060802121142559e-03
-1.741680000000000064e+02 1.032300000000000040e+02 5.136508292309827518e-04 5.136508292309827518e-04 7.947475896700781188e-04 7.947475896700781188e-04
-1.101889999999999930e+02 1.405639999999999930e+02 -1.868470045408798796e-03 -1.868470045408798796e-03 1.202065902957347122e-03 1.202065902957347122e-03
2.467680000000000007e+02 1.049290000000000020e+02 -2.821503738971387065e-03 -2.821503738971387065e-03 3.255544778181365998e-04 3.255544778181365998e-04
2.542419999999999902e+02 1.247199999999999989e+02 -3.446708671737042009e-03 -3.446708671737042009e-03 1.256525995998636520e-03 1.256525995998636520e-03
2.830969999999999800e+02 1.058840000000000003e+02 -4.540975964204108095e-03 -4.540975964204108095e-03 5.116191031518666551e-04 5.116191031518666551e-04
2.688650000000000091e+02 7.821599999999999397e+01 -4.797563876155663994e-03 -4.797563876155663994e-03 3.736648126282777712e-04 3.736648126282777712e-04
3.099660000000000082e+02 4.982000000000000028e+01 -7.036320673779528252e-03 -7.036320673779528252e-03 1.015553435341331979e-03 1.015553435341331979e-03
2.351810000000000116e+02 1.509600000000000009e+01 -5.184873421268321007e-03 -5.184873421268321007e-03 5.606689686353610001e-04 5.606689686353610001e-04
2.187470000000000141e+02 3.126200000000000045e+01 -3.026450771267264004e-03 -3.026450771267264004e-03 7.936233985576116381e-04 7.936233985576116381e-04
1.838499999999999943e+02 2.711899999999999977e+01 -3.984973333768948404e-03 -3.984973333768948404e-03 1.053836858825715241e-03 1.053836858825715241e-03
-2.275409999999999968e+02 -1.000000000000000000e+02 1.071043928959625157e-05 1.071043928959625157e-05 2.071985009835851897e-03 2.071985009835851897e-03
-2.390219999999999914e+02 -9.538100000000000023e+01 -1.679190248330542003e-03 -1.679190248330542003e-03 1.513838439978162182e-03 1.513838439978162182e-03
-5.682200000000000273e+01 1.196710000000000065e+02 -2.369276284132126702e-03 -2.369276284132126702e-03 2.449552868863520434e-03 2.449552868863520434e-03
-1.300509999999999877e+02 1.544230000000000018e+02 -5.306324233913528587e-04 -5.306324233913528587e-04 3.008704067454172956e-03 3.008704067454172956e-03
-2.114919999999999902e+02 1.755680000000000121e+02 -2.913850974388765367e-03 -2.913850974388765367e-03 9.969293629912676005e-04 9.969293629912676005e-04
-1.617249999999999943e+02 2.531630000000000109e+02 -7.871606418008525105e-03 -7.871606418008525105e-03 4.750270672042893245e-04 4.750270672042893245e-04
7.434000000000000163e+00 3.119370000000000118e+02 -8.543040025642056196e-03 -8.543040025642056196e-03 2.249507852290685058e-03 2.249507852290685058e-03
3.986500000000000199e+01 3.007500000000000000e+02 -7.816804638597574240e-03 -7.816804638597574240e-03 1.256816123501683282e-03 1.256816123501683282e-03
3.076699999999999946e+01 2.881360000000000241e+02 -8.583789776609052763e-03 -8.583789776609052763e-03 1.994903566246535899e-03 1.994903566246535899e-03
3.615999999999999659e+01 2.707069999999999936e+02 -7.895918452506122884e-03 -7.895918452506122884e-03 1.321505640798180739e-03 1.321505640798180739e-03
1.190390000000000015e+02 2.026680000000000064e+02 -3.565891972573354170e-03 -3.565891972573354170e-03 1.509895495591456792e-03 1.509895495591456792e-03
1.852139999999999986e+02 1.344099999999999966e+02 -1.530284842380069590e-03 -1.530284842380069590e-03 3.299155428718291132e-03 3.299155428718291132e-03
2.112470000000000141e+02 1.096059999999999945e+02 1.437852438458264801e-03 1.437852438458264801e-03 3.545543998823048968e-03 3.545543998823048968e-03
2.506150000000000091e+02 1.435929999999999893e+02 -2.742276942663579662e-03 -2.742276942663579662e-03 5.169399570030029124e-03 5.169399570030029124e-03
2.346279999999999859e+02 1.514099999999999966e+02 -1.816824347918810601e-03 -1.816824347918810601e-03 3.929211646781152235e-03 3.929211646781152235e-03
2.214079999999999870e+02 1.048629999999999995e+02 -1.875533996113176727e-03 -1.875533996113176727e-03 4.559674013634044086e-03 4.559674013634044086e-03
2.119410000000000025e+02 8.987300000000000466e+01 -2.313153903355668999e-03 -2.313153903355668999e-03 4.220250636082906008e-03 4.220250636082906008e-03
2.003660000000000139e+02 9.324200000000000443e+01 -3.211045369505427603e-03 -3.211045369505427603e-03 6.776450703841361764e-04 6.776450703841361764e-04
-1.127699999999999960e+02 -1.284019999999999868e+02 2.859019304281495803e-03 2.859019304281495803e-03 3.146464248834669308e-03 3.146464248834669308e-03
-3.071730000000000018e+02 -6.496999999999999886e+01 1.922701767670886895e-03 1.922701767670886895e-03 2.439405416533123056e-03 2.439405416533123056e-03
-2.900289999999999964e+02 -1.008619999999999948e+02 9.686897275479111396e-04 9.686897275479111396e-04 4.026820096679647326e-03 4.026820096679647326e-03
-2.650400000000000205e+02 -7.265000000000000568e+01 3.491915468646311811e-03 3.491915468646311811e-03 1.308662557091555328e-03 1.308662557091555328e-03
-2.124499999999999886e+02 -1.205019999999999953e+02 1.834080531352810794e-03 1.834080531352810794e-03 2.881924987299070741e-03 2.881924987299070741e-03
-2.360219999999999914e+02 -1.423429999999999893e+02 -1.534194370628938573e-03 -1.534194370628938573e-03 4.717106520353457795e-03 4.717106520353457795e-03
-2.033650000000000091e+02 -1.746220000000000141e+02 6.059737652321928316e-05 6.059737652321928316e-05 1.192098962392129473e-03 1.192098962392129473e-03
-1.746870000000000118e+02 -1.635060000000000002e+02 -3.340782282765531082e-03 -3.340782282765531082e-03 1.139032702023709022e-03 1.139032702023709022e-03
-2.165509999999999877e+02 6.099999999999999645e+00 4.421200639228572982e-04 4.421200639228572982e-04 7.546071748331876616e-04 7.546071748331876616e-04
-2.157439999999999998e+02 1.773199999999999932e+01 2.945886995945556919e-03 2.945886995945556919e-03 1.750372772010891668e-03 1.750372772010891668e-03
-1.967479999999999905e+02 3.390200000000000102e+01 -3.973698224993427001e-03 -3.973698224993427001e-03 3.390676074564132666e-03 3.390676074564132666e-03
-2.130480000000000018e+02 3.105799999999999983e+01 -5.162257139957659785e-04 -5.162257139957659785e-04 1.223354151007567843e-03 1.223354151007567843e-03
-2.242580000000000098e+02 3.513499999999999801e+01 4.711283489166362068e-03 4.711283489166362068e-03 9.232542089520756742e-04 9.232542089520756742e-04
-2.458319999999999936e+02 5.093299999999999983e+01 3.128193649405375427e-03 3.128193649405375427e-03 1.218763375257489239e-03 1.218763375257489239e-03
-2.693670000000000186e+02 2.764499999999999957e+01 -8.406465079474400920e-04 -8.406465079474400920e-04 3.626010017203739992e-03 3.626010017203739992e-03
-3.081970000000000027e+02 2.344399999999999906e+01 -2.803266797732817308e-03 -2.803266797732817308e-03 1.887782968872943855e-03 1.887782968872943855e-03
-2.922379999999999995e+02 2.291900000000000048e+01 1.278425637771363199e-03 1.278425637771363199e-03 4.427268650038989478e-03 4.427268650038989478e-03
3.713300000000000267e+01 -4.692799999999999727e+01 -2.212562548676544252e-03 -2.212562548676544252e-03 4.694824702955565829e-04 4.694824702955565829e-04
1.879120000000000061e+02 -1.708019999999999925e+02 -8.899682826267963026e-04 -8.899682826267963026e-04 1.159977994970335258e-03 1.159977994970335258e-03
2.388000000000000114e+02 -1.205310000000000059e+02 -4.115639814881433094e-03 -4.115639814881433094e-03 4.035227986071129869e-03 4.035227986071129869e-03
2.459110000000000014e+02 -1.312270000000000039e+02 -1.414361342040138013e-03 -1.414361342040138013e-03 7.036888535315908395e-04 7.036888535315908395e-04
2.189919999999999902e+02 -1.477680000000000007e+02 -2.154001718301401438e-03 -2.154001718301401438e-03 4.083370162691062240e-03 4.083370162691062240e-03
2.253220000000000027e+02 -1.591090000000000089e+02 -2.443776210930081929e-03 -2.443776210930081929e-03 6.299537956011485923e-04 6.299537956011485923e-04
2.761700000000000088e+01 6.812800000000000011e+01 -3.878070680447365075e-03 -3.878070680447365075e-03 8.931010324689746521e-04 8.931010324689746521e-04
6.333999999999999631e+00 9.556300000000000239e+01 2.329583561838610879e-03 2.329583561838610879e-03 2.838351809762208050e-03 2.838351809762208050e-03
2.412099999999999866e+01 7.913400000000000034e+01 -1.118856550667146534e-03 -1.118856550667146534e-03 6.239222770713968120e-04 6.239222770713968120e-04
-8.576699999999999591e+01 1.408549999999999898e+02 -2.816563315880671239e-03 -2.816563315880671239e-03 2.092641541456622713e-03 2.092641541456622713e-03
-1.247630000000000052e+02 9.944400000000000261e+01 -2.003382999504310646e-03 -2.003382999504310646e-03 1.555406347102199043e-03 1.555406347102199043e-03
-9.818399999999999750e+01 7.867000000000000171e+01 3.726142519354880278e-03 3.726142519354880278e-03 3.645333055279296932e-03 3.645333055279296932e-03
-8.410399999999999920e+01 6.130400000000000205e+01 2.502395888626551715e-04 2.502395888626551715e-04 1.026406341160671217e-03 1.026406341160671217e-03
-2.859519999999999982e+02 -1.127349999999999994e+02 2.210259980303419611e-03 2.210259980303419611e-03 1.027046689336534677e-03 1.027046689336534677e-03
-2.682210000000000036e+02 -1.202759999999999962e+02 -2.121946902187232895e-03 -2.121946902187232895e-03 5.524179883031480123e-04 5.524179883031480123e-04
-2.540169999999999959e+02 -1.825449999999999875e+02 7.025466375523592866e-04 7.025466375523592866e-04 1.856976198394794065e-03 1.856976198394794065e-03
-1.383350000000000080e+02 -2.331870000000000118e+02 1.289654210415846960e-03 1.289654210415846960e-03 2.414048595501006814e-03 2.414048595501006814e-03
-7.659999999999999432e+01 -2.757660000000000196e+02 6.657416935181004018e-03 6.657416935181004018e-03 5.134015057124686511e-03 5.134015057124686511e-03
-5.842199999999999704e+01 -2.570579999999999927e+02 3.007801762467288142e-03 3.007801762467288142e-03 6.746916814106238523e-03 6.746916814106238523e-03
-6.160900000000000176e+01 -2.274859999999999900e+02 -4.047817006650689326e-04 -4.047817006650689326e-04 3.396990655739473911e-03 3.396990655739473911e-03
1.593789999999999907e+02 1.229689999999999941e+02 -3.160158927884992950e-03 -3.160158927884992950e-03 1.424725804935271815e-03 1.424725804935271815e-03
1.699240000000000066e+02 1.597139999999999986e+02 -4.507612790285974932e-03 -4.507612790285974932e-03 1.159754911340584414e-03 1.159754911340584414e-03
2.382410000000000139e+02 9.159499999999999886e+01 -3.345264610533149781e-03 -3.345264610533149781e-03 2.493613521015343708e-03 2.493613521015343708e-03
2.732470000000000141e+02 1.469200000000000017e+01 -4.058763147158117243e-03 -4.058763147158117243e-03 1.586228099790668424e-03 1.586228099790668424e-03
2.873530000000000086e+02 -9.532000000000000028e+00 -7.769671737764838500e-03 -7.769671737764838500e-03 1.414562459909768539e-03 1.414562459909768539e-03
-9.369599999999999795e+01 2.898399999999999750e+02 -6.193236603175477847e-03 -6.193236603175477847e-03 1.616226861625495899e-03 1.616226861625495899e-03
-1.077650000000000006e+02 2.708279999999999745e+02 -3.362179647669450051e-03 -3.362179647669450051e-03 2.425107052490967866e-04 2.425107052490967866e-04
-6.532999999999999829e+01 2.040780000000000030e+02 -2.555114660521606851e-03 -2.555114660521606851e-03 2.659060306414216032e-03 2.659060306414216032e-03
8.087999999999999190e+00 2.689030000000000200e+02 -5.986235446991550017e-03 -5.986235446991550017e-03 8.235090281075409940e-03 8.235090281075409940e-03
2.525049999999999955e+02 6.853199999999999648e+01 -5.557930061826255475e-04 -5.557930061826255475e-04 5.749605738089905681e-03 5.749605738089905681e-03
2.273290000000000077e+02 5.730199999999999960e+01 -3.081129158633189209e-03 -3.081129158633189209e-03 5.179683583192762342e-03 5.179683583192762342e-03
2.071860000000000070e+02 6.965500000000000114e+01 -1.681627089459425319e-03 -1.681627089459425319e-03 1.368767177190325680e-03 1.368767177190325680e-03
9.466299999999999670e+01 7.689100000000000534e+01 2.672870975507635107e-03 2.672870975507635107e-03 2.544926290396661017e-03 2.544926290396661017e-03
-9.918800000000000239e+01 2.506610000000000014e+02 -2.994294055008595110e-03 -2.994294055008595110e-03 9.481103492136124010e-04 9.481103492136124010e-04
-8.257299999999999329e+01 2.488499999999999943e+02 -4.412117383478175552e-03 -4.412117383478175552e-03 2.846412740957152392e-03 2.846412740957152392e-03
-7.048999999999999488e+01 2.305020000000000095e+02 -6.080856781107968172e-03 -6.080856781107968172e-03 1.120029901143691602e-03 1.120029901143691602e-03
1.391899999999999977e+02 -5.164099999999999824e+01 -8.602363105765676188e-04 -8.602363105765676188e-04 1.220323287611947867e-03 1.220323287611947867e-03
1.580469999999999970e+02 -8.845999999999999375e+01 -1.785144829105433841e-03 -1.785144829105433841e-03 8.681098203760889394e-04 8.681098203760889394e-04
1.516479999999999961e+02 -1.018029999999999973e+02 2.388593788640491940e-03 2.388593788640491940e-03 1.203174250563260458e-03 1.203174250563260458e-03
1.473549999999999898e+02 -1.195589999999999975e+02 2.458109713373346494e-03 2.458109713373346494e-03 4.554721249060532796e-04 4.554721249060532796e-04
9.675600000000000023e+01 -1.283389999999999986e+02 3.974179691536505570e-03 3.974179691536505570e-03 1.269432486276366638e-03 1.269432486276366638e-03
-2.668299999999999841e+02 6.260399999999999920e+01 6.777798034136139470e-04 6.777798034136139470e-04 2.282650074382669945e-03 2.282650074382669945e-03
-2.651539999999999964e+02 7.821500000000000341e+01 9.412314783389774241e-04 9.412314783389774241e-04 8.087086198541315607e-04 8.087086198541315607e-04
-2.673960000000000150e+02 8.927400000000000091e+01 3.837136394253093385e-03 3.837136394253093385e-03 3.660531061255580323e-03 3.660531061255580323e-03
-2.995779999999999745e+02 6.628100000000000591e+01 4.480179924411231522e-03 4.480179924411231522e-03 1.342505405891416528e-03 1.342505405891416528e-03
-6.900100000000000477e+01 -8.515000000000000568e+01 -4.318949027975804494e-04 -4.318949027975804494e-04 2.799025114426415516e-04 2.799025114426415516e-04
-5.305499999999999972e+01 -1.037690000000000055e+02 3.552036767604249863e-03 3.552036767604249863e-03 2.901258096267545026e-03 2.901258096267545026e-03
4.266899999999999693e+01 -8.496399999999999864e+01 6.441032803613211746e-03 6.441032803613211746e-03 2.153282501336676452e-03 2.153282501336676452e-03
9.508899999999999864e+01 -6.471999999999999886e+01 -1.184509887374929436e-03 -1.184509887374929436e-03 1.706486279030239132e-03 1.706486279030239132e-03
1.184669999999999987e+02 -7.917700000000000671e+01 -1.591282874062471776e-03 -1.591282874062471776e-03 3.142089666999043057e-03 3.142089666999043057e-03
9.395799999999999841e+01 -4.038300000000000267e+01 1.696322251092396982e-04 1.696322251092396982e-04 3.739463336835412589e-03 3.739463336835412589e-03
8.242799999999999727e+01 -3.195100000000000051e+01 8.504095248838439581e-04 8.504095248838439581e-04 2.753055765475133712e-03 2.753055765475133712e-03
1.564000000000000057e+00 -9.884399999999999409e+01 2.150350070151585587e-03 2.150350070151585587e-03 2.289768843636406578e-03 2.289768843636406578e-03
-3.342999999999999972e+01 -1.054740000000000038e+02 2.495378978929352429e-03 2.495378978929352429e-03 1.100709754898789808e-03 1.100709754898789808e-03
-9.341899999999999693e+01 -1.673849999999999909e+02 4.596752346441235031e-03 4.596752346441235031e-03 4.145820730991025237e-03 4.145820730991025237e-03
-1.324269999999999925e+02 -2.105500000000000114e+02 6.027173615251513183e-03 6.027173615251513183e-03 5.289435639846941373e-03 5.289435639846941373e-03
-1.185060000000000002e+02 -2.184639999999999986e+02 5.470708611949248561e-03 5.470708611949248561e-03 4.194585835501913988e-04 4.194585835501913988e-04
-1.136869999999999976e+02 -2.344939999999999998e+02 3.558056095423012353e-03 3.558056095423012353e-03 1.061419613659908990e-03 1.061419613659908990e-03
-1.625700000000000145e+01 -2.957760000000000105e+02 6.957348745897462203e-03 6.957348745897462203e-03 3.157837309115839840e-03 3.157837309115839840e-03
8.356799999999999784e+01 -2.157839999999999918e+02 5.045134352027957729e-03 5.045134352027957729e-03 1.897499973993743922e-03 1.897499973993743922e-03
-6.444299999999999784e+01 -1.650100000000000122e+01 -2.248652100536219396e-03 -2.248652100536219396e-03 4.087652330768290574e-04 4.087652330768290574e-04
-8.394799999999999329e+01 9.108000000000000540e+00 3.666685477460873612e-03 3.666685477460873612e-03 4.359894603975636223e-04 4.359894603975636223e-04
-5.117000000000000171e+01 4.941499999999999915e+01 1.284979675978092841e-03 1.284979675978092841e-03 3.634319552390528397e-04 3.634319552390528397e-04
-1.755130000000000052e+02 7.994400000000000261e+01 5.938096906487544228e-03 5.938096906487544228e-03 5.653424264643832665e-04 5.653424264643832665e-04
-1.295480000000000018e+02 3.053000000000000114e+01 5.630990180293338416e-04 5.630990180293338416e-04 3.275308747934735625e-03 3.275308747934735625e-03
-1.037960000000000065e+02 3.756400000000000006e+01 2.558962106274975494e-03 2.558962106274975494e-03 1.098520082307880529e-03 1.098520082307880529e-03
-7.653199999999999648e+01 4.476299999999999812e+01 3.396504198852312497e-03 3.396504198852312497e-03 1.757902958947506677e-03 1.757902958947506677e-03
-8.404000000000000625e+01 3.502700000000000102e+01 2.827560699937947675e-03 2.827560699937947675e-03 2.679247295170184354e-03 2.679247295170184354e-03
-9.570699999999999363e+01 2.757499999999999929e+01 1.386155767833940986e-03 1.386155767833940986e-03 2.248321253546712011e-03 2.248321253546712011e-03
-1.473909999999999911e+02 5.974000000000000199e+00 -3.988231301045174967e-03 -3.988231301045174967e-03 1.650403820481916506e-03 1.650403820481916506e-03
-1.777930000000000064e+02 -8.779800000000000182e+01 2.828119218307278970e-03 2.828119218307278970e-03 2.014887682243313421e-03 2.014887682243313421e-03
-1.613129999999999882e+02 -7.462900000000000489e+01 -1.051921218731877161e-03 -1.051921218731877161e-03 9.712851243448953915e-04 9.712851243448953915e-04
-1.023070000000000022e+02 -5.078699999999999903e+01 -1.324435508198007439e-03 -1.324435508198007439e-03 1.241998306624006584e-03 1.241998306624006584e-03
-9.644400000000000261e+01 -7.493600000000000705e+01 -3.927059633497265168e-04 -3.927059633497265168e-04 2.511822344542551100e-03 2.511822344542551100e-03
5.370799999999999841e+01 6.891299999999999670e+01 -1.941778261593185605e-03 -1.941778261593185605e-03 1.865596081289531711e-03 1.865596081289531711e-03
7.380200000000000671e+01 5.050399999999999778e+01 -4.053421137504642849e-03 -4.053421137504642849e-03 5.092983037295784228e-04 5.092983037295784228e-04
1.016149999999999949e+02 3.297899999999999920e+01 -5.818068711334944748e-04 -5.818068711334944748e-04 3.546791407437175237e-03 3.546791407437175237e-03
1.286220000000000141e+02 5.800999999999999801e+01 -3.506929136312919495e-03 -3.506929136312919495e-03 1.333369863076884097e-03 1.333369863076884097e-03
1.208229999999999933e+02 7.737699999999999534e+01 -4.389883990853604701e-03 -4.389883990853604701e-03 2.264746729674881054e-03 2.264746729674881054e-03
1.148799999999999955e+02 -2.502340000000000089e+02 5.150201703514767360e-03 5.150201703514767360e-03 6.714157233364801552e-03 6.714157233364801552e-03
1.230250000000000057e+02 -2.755160000000000196e+02 9.176466842822606287e-03 9.176466842822606287e-03 6.292385650105571104e-03 6.292385650105571104e-03
1.154740000000000038e+02 -2.840070000000000050e+02 1.018481646754310077e-02 1.018481646754310077e-02 3.301180082013654461e-03 3.301180082013654461e-03
6.739600000000000080e+01 -2.877760000000000105e+02 4.057062529194866048e-03 4.057062529194866048e-03 5.669625414722451011e-03 5.669625414722451011e-03
9.836999999999999744e+00 -2.392740000000000009e+02 4.388716864199082926e-03 4.388716864199082926e-03 7.016598730709427620e-03 7.016598730709427620e-03
8.106999999999999318e+00 -2.521069999999999993e+02 7.257131600924537559e-03 7.257131600924537559e-03 5.695908919920483933e-03 5.695908919920483933e-03
-2.112500000000000000e+01 -2.728290000000000077e+02 5.453783807647027623e-03 5.453783807647027623e-03 4.792438497876964042e-03 4.792438497876964042e-03
-3.077899999999999991e+01 -2.814320000000000164e+02 5.308644868625122734e-03 5.308644868625122734e-03 3.621157606757647879e-03 3.621157606757647879e-03
-5.124099999999999966e+01 -2.823120000000000118e+02 5.480150495085922384e-03 5.480150495085922384e-03 1.568615148688698923e-03 1.568615148688698923e-03
2.653999999999999915e+01 -2.428500000000000014e+01 2.040339229516519026e-03 2.040339229516519026e-03 1.409823303433466223e-03 1.409823303433466223e-03
1.157229999999999990e+02 1.042439999999999998e+02 -1.848921715486540138e-03 -1.848921715486540138e-03 5.949428874574198313e-04 5.949428874574198313e-04
8.419400000000000261e+01 1.318689999999999998e+02 -2.756542710602616526e-03 -2.756542710602616526e-03 1.133506105664631178e-03 1.133506105664631178e-03
1.422789999999999964e+02 1.704039999999999964e+02 -5.961631260271360241e-03 -5.961631260271360241e-03 1.581632940725305730e-03 1.581632940725305730e-03
1.293040000000000020e+02 1.509360000000000070e+02 3.620452842028498599e-04 3.620452842028498599e-04 2.620520742351315283e-03 2.620520742351315283e-03
1.033179999999999978e+02 1.076400000000000006e+02 -2.752015659274320483e-03 -2.752015659274320483e-03 2.479970933326642712e-03 2.479970933326642712e-03
7.513899999999999579e+01 1.564790000000000134e+02 -1.633440214132519984e-03 -1.633440214132519984e-03 3.407097987544863583e-03 3.407097987544863583e-03
6.294700000000000273e+01 1.350029999999999859e+02 1.771267794642028591e-03 1.771267794642028591e-03 2.214733790243182069e-03 2.214733790243182069e-03
4.972200000000000131e+01 1.255510000000000019e+02 -1.853324219359819749e-03 -1.853324219359819749e-03 1.002597896234173284e-03 1.002597896234173284e-03
6.888899999999999579e+01 1.179519999999999982e+02 -1.357346594463137946e-03 -1.357346594463137946e-03 1.078084515086737355e-03 1.078084515086737355e-03
5.621600000000000108e+01 -1.121099999999999994e+02 2.642582974601737078e-03 2.642582974601737078e-03 6.883653347846655120e-04 6.883653347846655120e-04
-9.183999999999999275e+00 -2.534650000000000034e+02 6.796988736278564494e-03 6.796988736278564494e-03 1.385463088411378668e-03 1.385463088411378668e-03
-2.308200000000000074e+01 -2.416330000000000098e+02 5.958879967732144678e-03 5.958879967732144678e-03 4.998311172685269803e-03 4.998311172685269803e-03
-2.954000000000000181e+00 -2.409590000000000032e+02 6.127717572526591647e-03 6.127717572526591647e-03 5.202605906488843093e-03 5.202605906488843093e-03
3.069750000000000227e+02 7.847000000000000419e+00 -4.869958653938510733e-03 -4.869958653938510733e-03 1.472168042588623861e-03 1.472168042588623861e-03
3.078999999999999773e+02 -7.355000000000000426e+00 -2.692923061785279428e-03 -2.692923061785279428e-03 5.180606332200455438e-03 5.180606332200455438e-03
2.868530000000000086e+02 -2.375499999999999901e+01 1.313572670085250070e-05 1.313572670085250070e-05 4.755957015636818989e-03 4.755957015636818989e-03
3.088000000000000114e+02 -5.335799999999999699e+01 -4.805986121792216008e-03 -4.805986121792216008e-03 3.916983244088849576e-03 3.916983244088849576e-03
2.762819999999999823e+02 -6.249499999999999744e+01 -3.307878525714613542e-03 -3.307878525714613542e-03 5.660325172208426243e-03 5.660325172208426243e-03
